601800 中国交建 日线 不复权
      日期	    开盘	    最高	    最低	    收盘	    成交量	    成交额
2012/03/09	6.99	7.09	6.41	6.66	564317801	3777891072.00
2012/03/12	6.70	6.74	6.37	6.45	246675003	1609656064.00
2012/03/13	6.45	6.49	6.34	6.47	158962909	1020441152.00
2012/03/14	6.47	6.53	6.01	6.02	202749073	1280444928.00
2012/03/15	5.98	6.06	5.78	5.80	135898098	800169984.00
2012/03/16	5.80	6.23	5.65	6.13	209273466	1241170048.00
2012/03/19	6.00	6.11	5.91	6.05	117872110	707258112.00
2012/03/20	6.01	6.01	5.80	5.81	79798808	469493120.00
2012/03/21	5.86	5.88	5.72	5.81	64375032	373880928.00
2012/03/22	5.85	5.99	5.80	5.87	81236259	478901600.00
2012/03/23	5.82	5.85	5.72	5.76	52173406	302193376.00
2012/03/26	5.74	5.89	5.71	5.84	48115893	279422176.00
2012/03/27	5.91	5.92	5.78	5.79	51317920	300481792.00
2012/03/28	5.76	5.78	5.66	5.69	58710869	335217152.00
2012/03/29	5.65	5.66	5.52	5.54	51336285	286804896.00
2012/03/30	5.55	5.59	5.51	5.57	33516414	186231264.00
2012/04/05	5.58	5.76	5.55	5.72	60243673	342017536.00
2012/04/06	5.70	5.71	5.62	5.67	49146034	278499264.00
2012/04/09	5.64	5.68	5.56	5.56	32894398	184657104.00
2012/04/10	5.55	5.61	5.49	5.61	41847051	231964048.00
2012/04/11	5.55	5.75	5.54	5.69	61538777	348683360.00
2012/04/12	5.68	5.75	5.62	5.72	58012397	330258976.00
2012/04/13	5.74	5.75	5.67	5.69	43755029	249598896.00
2012/04/16	5.66	5.71	5.63	5.69	31626933	179493072.00
2012/04/17	5.68	5.69	5.59	5.60	34807168	196197536.00
2012/04/18	5.62	5.81	5.60	5.78	77249921	441786464.00
2012/04/19	5.76	5.78	5.72	5.74	33721709	193806704.00
2012/04/20	5.73	5.92	5.72	5.90	83430433	488388096.00
2012/04/23	5.86	6.02	5.86	5.90	70004689	415362752.00
2012/04/24	5.87	6.05	5.82	6.03	89167249	531048768.00
2012/04/25	6.00	6.08	5.93	6.02	63331251	380286848.00
2012/04/26	5.96	5.98	5.84	5.87	59344943	350114240.00
2012/04/27	5.85	5.93	5.83	5.89	30633257	180140288.00
2012/05/02	5.95	5.95	5.87	5.89	46054103	272106368.00
2012/05/03	5.87	5.88	5.79	5.83	37374492	217933376.00
2012/05/04	5.80	5.86	5.79	5.85	29402968	171064256.00
2012/05/07	5.81	5.82	5.77	5.81	27209996	157626176.00
2012/05/08	5.81	5.88	5.79	5.87	37002261	216332112.00
2012/05/09	5.85	5.87	5.76	5.77	32910124	191673344.00
2012/05/10	5.77	5.80	5.67	5.69	30573586	174969712.00
2012/05/11	5.69	5.71	5.64	5.66	23541043	133527480.00
2012/05/14	5.70	5.71	5.62	5.63	25169200	142728880.00
2012/05/15	5.61	5.62	5.55	5.59	25617891	142980880.00
2012/05/16	5.59	5.62	5.56	5.56	16902287	94567304.00
2012/05/17	5.58	5.65	5.55	5.63	20500419	114953064.00
2012/05/18	5.59	5.60	5.50	5.53	28815086	159773072.00
2012/05/21	5.53	5.62	5.53	5.55	16998791	94649016.00
2012/05/22	5.58	5.67	5.57	5.66	33817146	190056272.00
2012/05/23	5.65	5.66	5.54	5.60	26789708	150355872.00
2012/05/24	5.63	5.65	5.54	5.56	21027394	117416840.00
2012/05/25	5.55	5.62	5.51	5.54	20657634	114844592.00
2012/05/28	5.53	5.73	5.52	5.72	49692269	280961600.00
2012/05/29	5.70	5.80	5.68	5.73	65414067	375256960.00
2012/05/30	5.71	5.71	5.62	5.64	38174810	215585328.00
2012/05/31	5.61	5.63	5.55	5.58	18414053	102878752.00
2012/06/01	5.58	5.60	5.53	5.56	21689998	120599056.00
2012/06/04	5.49	5.49	5.28	5.29	50931944	274971648.00
2012/06/05	5.30	5.32	5.15	5.20	37404519	194982576.00
2012/06/07	5.24	5.25	5.14	5.15	30681645	159424288.00
2012/06/08	5.19	5.19	5.13	5.16	28925389	149312384.00
2012/06/11	5.18	5.19	5.12	5.17	49046548	253049504.00
2012/06/12	5.12	5.15	5.04	5.06	42258509	215490080.00
2012/06/13	5.07	5.12	5.06	5.10	46763855	238326864.00
2012/06/14	5.08	5.09	5.00	5.02	39881499	200933920.00
2012/06/15	5.03	5.09	5.00	5.08	29873615	150263536.00
2012/06/18	5.08	5.09	5.05	5.06	18776703	95217424.00
2012/06/19	5.07	5.07	4.99	5.01	27132602	136239184.00
2012/06/20	5.02	5.03	4.95	5.00	30134458	150464272.00
2012/06/21	4.99	4.99	4.91	4.92	21979225	108567288.00
2012/06/25	4.90	4.92	4.87	4.87	15599261	76300312.00
2012/06/26	4.85	4.87	4.80	4.83	19302617	93226056.00
2012/06/27	4.82	4.85	4.79	4.83	24857910	119763448.00
2012/06/28	4.83	4.84	4.74	4.75	15883816	76170832.00
2012/06/29	4.73	4.82	4.72	4.81	20891859	99966672.00
2012/07/02	4.83	4.85	4.78	4.84	19302582	92848480.00
2012/07/03	4.83	4.86	4.80	4.81	16710399	80711456.00
2012/07/04	4.82	4.84	4.79	4.83	13040240	62814932.00
2012/07/05	4.81	4.82	4.75	4.82	16064628	76835472.00
2012/07/06	4.83	4.85	4.78	4.84	21858590	105278632.00
2012/07/09	4.82	4.82	4.69	4.74	21201261	101046680.00
2012/07/10	4.72	4.81	4.70	4.74	20702217	98718680.00
2012/07/11	4.74	4.84	4.74	4.84	19943910	95945648.00
2012/07/12	4.83	4.86	4.81	4.83	17142551	82831592.00
2012/07/13	4.82	4.84	4.80	4.81	10513693	50636684.00
2012/07/16	4.80	4.81	4.65	4.65	23637128	111318416.00
2012/07/17	4.65	4.68	4.61	4.63	27585609	128113984.00
2012/07/18	4.63	4.78	4.61	4.77	37966316	178300576.00
2012/07/19	4.75	4.87	4.75	4.82	34513080	166300144.00
2012/07/20	4.83	4.84	4.74	4.79	14556407	69796520.00
2012/07/23	4.75	4.78	4.71	4.72	10927729	51739000.00
2012/07/24	4.71	4.77	4.69	4.75	10202366	48228264.00
2012/07/25	4.72	4.78	4.69	4.74	16260521	77023736.00
2012/07/26	4.72	4.83	4.70	4.78	24242216	115547608.00
2012/07/27	4.61	4.61	4.55	4.57	12226501	55975704.00
2012/07/30	4.59	4.60	4.54	4.55	11875213	54215844.00
2012/07/31	4.54	4.57	4.49	4.50	15083825	68152456.00
2012/08/01	4.50	4.60	4.48	4.59	17386562	79315872.00
2012/08/02	4.58	4.67	4.55	4.66	21054788	96919192.00
2012/08/03	4.64	4.68	4.62	4.67	18448132	85948696.00
2012/08/06	4.64	4.70	4.63	4.67	28809896	134776160.00
2012/08/07	4.67	4.68	4.64	4.67	13736212	63985136.00
2012/08/08	4.66	4.68	4.64	4.65	9055196	42197060.00
2012/08/09	4.65	4.70	4.63	4.68	14881214	69378632.00
2012/08/10	4.68	4.71	4.66	4.68	14567789	68292120.00
2012/08/13	4.68	4.69	4.58	4.59	14113738	65237720.00
2012/08/14	4.59	4.61	4.53	4.60	12006558	54971744.00
2012/08/15	4.59	4.61	4.56	4.57	7423246	33965208.00
2012/08/16	4.57	4.60	4.56	4.59	5564643	25518120.00
2012/08/17	4.59	4.67	4.58	4.65	11691243	54057212.00
2012/08/20	4.62	4.62	4.58	4.60	4960104	22809012.00
2012/08/21	4.60	4.63	4.59	4.62	8011640	36985200.00
2012/08/22	4.60	4.62	4.53	4.55	9682762	44248524.00
2012/08/23	4.55	4.59	4.54	4.57	10227573	46721184.00
2012/08/24	4.56	4.57	4.52	4.54	9169300	41618076.00
2012/08/27	4.51	4.51	4.43	4.44	12558054	56071420.00
2012/08/28	4.43	4.49	4.38	4.47	13458904	59671488.00
2012/08/29	4.45	4.45	4.36	4.37	19467351	85532160.00
2012/08/30	4.37	4.39	4.31	4.33	14507540	62911268.00
2012/08/31	4.32	4.34	4.27	4.27	11921719	51217392.00
2012/09/03	4.27	4.31	4.25	4.27	14121001	60452732.00
2012/09/04	4.28	4.29	4.10	4.11	31616753	131919704.00
2012/09/05	4.09	4.14	4.06	4.12	18027438	74086072.00
2012/09/06	4.14	4.17	4.14	4.16	13090890	54372064.00
2012/09/07	4.23	4.50	4.23	4.47	61793304	271166880.00
2012/09/10	4.45	4.54	4.41	4.49	42760621	192295120.00
2012/09/11	4.47	4.47	4.38	4.41	19867170	87456808.00
2012/09/12	4.41	4.46	4.36	4.42	13569203	59673160.00
2012/09/13	4.42	4.42	4.32	4.33	15474354	67521280.00
2012/09/14	4.36	4.37	4.25	4.32	20643710	89026600.00
2012/09/17	4.32	4.36	4.24	4.26	18490948	79680232.00
2012/09/18	4.24	4.30	4.21	4.26	9945042	42361588.00
2012/09/19	4.25	4.30	4.25	4.26	9696935	41408032.00
2012/09/20	4.25	4.27	4.14	4.16	14840089	62059432.00
2012/09/21	4.15	4.20	4.13	4.16	12197603	50786304.00
2012/09/24	4.13	4.16	4.12	4.14	11382947	47156824.00
2012/09/25	4.13	4.15	4.06	4.07	12976855	53150744.00
2012/09/26	4.08	4.08	3.99	4.00	11860729	47796552.00
2012/09/27	4.00	4.13	3.99	4.07	18644661	75956368.00
2012/09/28	4.05	4.16	4.04	4.15	14236521	58514212.00
2012/10/08	4.15	4.18	4.13	4.14	17535924	72836456.00
2012/10/09	4.14	4.25	4.14	4.23	18698661	78681952.00
2012/10/10	4.21	4.26	4.18	4.23	14062151	59358060.00
2012/10/11	4.22	4.35	4.20	4.26	21813252	93255968.00
2012/10/12	4.28	4.35	4.27	4.33	29209164	125861928.00
2012/10/15	4.32	4.36	4.28	4.34	19992370	86476160.00
2012/10/16	4.37	4.38	4.31	4.32	13367995	58101976.00
2012/10/17	4.33	4.49	4.32	4.46	34836851	154062064.00
2012/10/18	4.46	4.61	4.45	4.58	49857196	226397856.00
2012/10/19	4.59	4.67	4.58	4.60	34046787	157702032.00
2012/10/22	4.58	4.63	4.57	4.63	16609385	76452696.00
2012/10/23	4.63	4.64	4.55	4.57	13247439	60765736.00
2012/10/24	4.55	4.55	4.50	4.55	16883575	76420032.00
2012/10/25	4.54	4.65	4.52	4.53	12638772	57966820.00
2012/10/26	4.53	4.55	4.40	4.41	12783112	57001572.00
2012/10/29	4.42	4.45	4.38	4.41	7210422	31809968.00
2012/10/30	4.43	4.48	4.40	4.47	11727352	52241784.00
2012/10/31	4.45	4.55	4.44	4.54	12469954	56168140.00
2012/11/01	4.54	4.62	4.54	4.59	18038560	82913840.00
2012/11/02	4.60	4.71	4.57	4.71	30143590	140601984.00
2012/11/05	4.70	4.74	4.66	4.70	19889982	93412472.00
2012/11/06	4.70	4.70	4.59	4.63	12833966	59330028.00
2012/11/07	4.65	4.67	4.59	4.62	9780732	45250844.00
2012/11/08	4.59	4.61	4.52	4.53	12752247	58190780.00
2012/11/09	4.52	4.57	4.50	4.54	7746793	35090352.00
2012/11/12	4.52	4.61	4.52	4.59	12661369	57895332.00
2012/11/13	4.59	4.59	4.40	4.45	22077418	98287832.00
2012/11/14	4.45	4.47	4.41	4.44	6837478	30301804.00
2012/11/15	4.40	4.44	4.34	4.35	6867776	30218956.00
2012/11/16	4.33	4.36	4.31	4.35	7611629	32951610.00
2012/11/19	4.34	4.35	4.29	4.30	8255537	35644708.00
2012/11/20	4.33	4.37	4.29	4.34	21192952	91714912.00
2012/11/21	4.34	4.39	4.29	4.38	10902171	47265596.00
2012/11/22	4.36	4.37	4.30	4.32	7797774	33772928.00
2012/11/23	4.32	4.38	4.32	4.35	7164489	31219108.00
2012/11/26	4.35	4.39	4.32	4.36	7662110	33370722.00
2012/11/27	4.35	4.36	4.28	4.29	9539055	41091804.00
2012/11/28	4.27	4.28	4.14	4.19	13882445	58301544.00
2012/11/29	4.19	4.26	4.19	4.21	8847599	37443080.00
2012/11/30	4.21	4.35	4.20	4.34	14037564	60435608.00
2012/12/03	4.34	4.77	4.31	4.57	75558042	345332256.00
2012/12/04	4.55	4.67	4.52	4.63	43082395	198881152.00
2012/12/05	4.60	4.93	4.58	4.85	74420414	356136832.00
2012/12/06	4.85	4.90	4.75	4.83	48304930	233782384.00
2012/12/07	4.81	4.95	4.78	4.88	44346127	216298256.00
2012/12/10	4.88	4.96	4.83	4.91	36133929	176919728.00
2012/12/11	4.90	4.90	4.74	4.76	28501792	136900256.00
2012/12/12	4.77	4.83	4.73	4.81	16564600	79383040.00
2012/12/13	4.79	4.84	4.76	4.79	12517598	60111884.00
2012/12/14	4.81	5.02	4.75	5.00	47434921	233950992.00
2012/12/17	5.00	5.23	4.98	5.16	70832204	364304544.00
2012/12/18	5.15	5.20	5.07	5.10	31722927	163359456.00
2012/12/19	5.08	5.14	5.06	5.07	21633389	110367272.00
2012/12/20	5.08	5.12	5.05	5.12	16457208	83749648.00
2012/12/21	5.12	5.20	5.02	5.04	25593266	130345216.00
2012/12/24	5.02	5.07	5.01	5.07	16721065	84302328.00
2012/12/25	5.05	5.22	5.02	5.20	29886402	154011360.00
2012/12/26	5.18	5.22	5.11	5.14	32922803	169527184.00
2012/12/27	5.16	5.18	5.08	5.11	25828783	132706264.00
2012/12/28	5.11	5.19	5.09	5.18	24148437	124029536.00
2012/12/31	5.18	5.33	5.12	5.30	38090932	198835904.00
2013/01/04	5.30	5.50	5.29	5.40	42447678	228524528.00
2013/01/07	5.40	5.44	5.31	5.39	19837274	106631312.00
2013/01/08	5.38	5.38	5.28	5.31	22462586	119454096.00
2013/01/09	5.29	5.35	5.10	5.20	31133362	163074224.00
2013/01/10	5.18	5.23	5.13	5.16	24955856	129089592.00
2013/01/11	5.18	5.21	5.01	5.04	21948640	112315240.00
2013/01/14	5.02	5.23	5.01	5.19	23857493	122740952.00
2013/01/15	5.19	5.25	5.15	5.19	27879818	144411920.00
2013/01/16	5.18	5.18	5.02	5.08	31259070	158916992.00
2013/01/17	5.07	5.08	4.98	5.00	15917138	80023784.00
2013/01/18	5.05	5.13	5.02	5.10	23851411	121099744.00
2013/01/21	5.11	5.31	5.11	5.29	39816645	208224944.00
2013/01/22	5.30	5.30	5.19	5.23	23907875	125167568.00
2013/01/23	5.21	5.32	5.19	5.24	30356831	159420144.00
2013/01/24	5.23	5.33	5.13	5.16	32649537	170981200.00
2013/01/25	5.17	5.20	5.03	5.05	18743986	95223592.00
2013/01/28	5.08	5.24	5.05	5.23	23156113	119382112.00
2013/01/29	5.23	5.30	5.17	5.26	24435022	127688824.00
2013/01/30	5.19	5.25	5.18	5.22	17970545	93559688.00
2013/01/31	5.24	5.35	5.20	5.29	46554933	245067728.00
2013/02/01	5.29	5.41	5.25	5.33	56616589	302138272.00
2013/02/04	5.36	5.39	5.27	5.29	31106912	165887408.00
2013/02/05	5.26	5.79	5.19	5.58	84088106	461319584.00
2013/02/06	5.53	5.57	5.42	5.46	36041104	198057600.00
2013/02/07	5.44	5.51	5.36	5.43	27162712	147630768.00
2013/02/08	5.44	5.52	5.38	5.47	26164099	142758800.00
2013/02/18	5.48	5.50	5.36	5.39	20449223	110697568.00
2013/02/19	5.40	5.43	5.20	5.25	29380701	155381696.00
2013/02/20	5.25	5.27	5.19	5.26	19587062	102462048.00
2013/02/21	5.23	5.23	5.03	5.08	26996605	137870496.00
2013/02/22	5.08	5.09	5.03	5.05	14207813	71872968.00
2013/02/25	5.09	5.10	5.05	5.07	10500240	53313024.00
2013/02/26	5.04	5.07	4.90	4.92	28082851	140293440.00
2013/02/27	4.93	4.96	4.82	4.87	34199676	166518192.00
2013/02/28	4.90	4.99	4.87	4.99	34728214	171357088.00
2013/03/01	4.98	5.01	4.90	4.96	19285348	95481960.00
2013/03/04	4.92	4.92	4.75	4.78	43103948	206823664.00
2013/03/05	4.78	4.86	4.77	4.83	20158987	97041728.00
2013/03/06	4.86	4.92	4.82	4.87	22374656	109243256.00
2013/03/07	4.86	4.90	4.78	4.84	23785521	114864352.00
2013/03/08	4.83	4.88	4.82	4.87	16187050	78455512.00
2013/03/11	4.89	4.96	4.87	4.89	21705880	106701184.00
2013/03/12	4.88	4.91	4.73	4.79	20950104	101061856.00
2013/03/13	4.78	4.78	4.69	4.70	12301538	58084468.00
2013/03/14	4.67	4.73	4.66	4.71	7237674	33998028.00
2013/03/15	4.71	4.79	4.65	4.76	17175782	81443240.00
2013/03/18	4.73	4.73	4.64	4.66	12088603	56416272.00
2013/03/19	4.69	4.69	4.61	4.66	9308723	43272664.00
2013/03/20	4.66	4.77	4.65	4.76	20866545	98610016.00
2013/03/21	4.76	4.77	4.71	4.73	18734783	88743048.00
2013/03/22	4.73	4.74	4.68	4.71	15690055	73886368.00
2013/03/25	4.74	4.76	4.70	4.76	15260150	72231848.00
2013/03/26	4.74	4.75	4.64	4.69	27545503	128826776.00
2013/03/27	4.75	4.95	4.74	4.93	72025539	350751904.00
2013/03/28	4.88	5.04	4.83	4.99	83069294	410808768.00
2013/03/29	4.99	5.13	4.96	5.00	47139031	237917296.00
2013/04/01	4.97	5.05	4.94	4.95	16516476	82362072.00
2013/04/02	4.98	5.10	4.98	5.01	27667897	139409488.00
2013/04/03	5.05	5.06	4.94	4.99	17794483	88542192.00
2013/04/08	4.92	5.02	4.87	5.00	19230623	95436232.00
2013/04/09	5.01	5.04	4.97	5.02	21694750	108456392.00
2013/04/10	5.01	5.06	4.96	5.05	17037228	85296264.00
2013/04/11	5.08	5.20	5.07	5.14	36125556	186004128.00
2013/04/12	5.16	5.16	4.99	5.01	23698257	119845256.00
2013/04/15	4.99	5.02	4.92	5.02	18536330	92063496.00
2013/04/16	4.98	5.06	4.95	5.06	14327568	71635736.00
2013/04/17	5.06	5.06	4.96	4.99	12308353	61542352.00
2013/04/18	4.97	5.06	4.94	5.05	18334569	92111720.00
2013/04/19	5.04	5.15	5.04	5.14	24759739	126522464.00
2013/04/22	5.11	5.19	5.10	5.15	17341265	89241384.00
2013/04/23	5.12	5.13	4.96	4.98	23536485	118374080.00
2013/04/24	4.99	5.08	4.98	5.05	16785820	84484448.00
2013/04/25	5.03	5.06	4.98	5.02	13141190	65984292.00
2013/04/26	5.02	5.05	4.94	4.95	14420437	71701408.00
2013/05/02	4.92	4.93	4.83	4.86	15602013	76175528.00
2013/05/03	4.88	4.95	4.87	4.91	15475425	76104888.00
2013/05/06	4.92	5.01	4.92	5.00	13320939	66294004.00
2013/05/07	4.98	5.05	4.97	5.02	14113854	70870280.00
2013/05/08	5.06	5.09	5.02	5.03	15087083	76166672.00
2013/05/09	5.02	5.08	5.00	5.03	15442387	77801728.00
2013/05/10	5.02	5.08	5.02	5.06	10407979	52638728.00
2013/05/13	5.05	5.07	5.00	5.03	8585752	43265628.00
2013/05/14	5.02	5.04	4.92	4.94	11891980	58985460.00
2013/05/15	4.92	4.95	4.90	4.94	8669948	42710148.00
2013/05/16	4.92	4.98	4.90	4.97	8968363	44398632.00
2013/05/17	4.97	5.10	4.96	5.08	17142004	86457280.00
2013/05/20	5.09	5.10	5.05	5.07	21552360	109300504.00
2013/05/21	5.07	5.08	5.03	5.06	12688925	64148416.00
2013/05/22	5.07	5.13	5.02	5.09	22179023	112518816.00
2013/05/23	5.08	5.08	4.99	5.00	12399603	62443608.00
2013/05/24	5.01	5.05	5.00	5.03	9384932	47205908.00
2013/05/27	5.03	5.05	4.99	5.00	17998023	90205176.00
2013/05/28	5.00	5.07	4.98	5.07	14198505	71241096.00
2013/05/29	5.07	5.11	5.06	5.07	18244631	92734696.00
2013/05/30	5.07	5.07	4.99	5.03	26317131	132025160.00
2013/05/31	5.02	5.05	4.96	4.97	18078800	90357544.00
2013/06/03	4.98	4.99	4.92	4.94	21686530	107541624.00
2013/06/04	4.94	4.94	4.85	4.87	18798647	91892632.00
2013/06/05	4.86	4.89	4.83	4.85	8314748	40359740.00
2013/06/06	4.84	4.86	4.73	4.75	16529946	79148880.00
2013/06/07	4.75	4.77	4.65	4.67	13131986	61786748.00
2013/06/13	4.64	4.64	4.45	4.54	14798219	67105264.00
2013/06/14	4.54	4.59	4.52	4.58	11648960	52985964.00
2013/06/17	4.56	4.58	4.52	4.55	7083646	32242466.00
2013/06/18	4.56	4.57	4.51	4.53	10806846	49036480.00
2013/06/19	4.51	4.52	4.37	4.43	17416705	77058640.00
2013/06/20	4.40	4.42	4.27	4.30	15425832	66995888.00
2013/06/21	4.26	4.33	4.20	4.28	18645529	79787080.00
2013/06/24	4.26	4.26	4.02	4.06	19042699	78973584.00
2013/06/25	4.03	4.07	3.85	4.00	36233724	143307952.00
2013/06/26	3.99	4.04	3.88	3.96	22036596	87440000.00
2013/06/27	3.97	4.07	3.97	4.00	24601660	98743456.00
2013/06/28	4.00	4.08	3.98	4.05	24946548	101045456.00
2013/07/01	4.05	4.11	4.03	4.10	17961692	73139352.00
2013/07/02	4.10	4.12	4.03	4.07	12442665	50602132.00
2013/07/03	4.06	4.07	3.92	3.95	21875277	86643064.00
2013/07/04	3.91	4.01	3.88	3.98	24892822	98384672.00
2013/07/05	3.98	4.01	3.96	3.97	11769984	46903808.00
2013/07/08	3.93	3.93	3.82	3.83	14959922	57677104.00
2013/07/09	3.84	3.86	3.81	3.83	7928742	30395378.00
2013/07/10	3.83	3.92	3.83	3.91	16066270	62260092.00
2013/07/11	3.91	4.12	3.91	4.07	39904458	161068320.00
2013/07/12	4.07	4.19	4.05	4.05	30790205	126474280.00
2013/07/15	4.07	4.12	4.03	4.05	18054485	73508000.00
2013/07/16	4.05	4.07	3.98	4.06	25630456	103221000.00
2013/07/17	4.05	4.07	3.99	4.01	16803459	67804816.00
2013/07/18	4.00	4.02	3.91	3.93	19862829	78754088.00
2013/07/19	3.94	3.95	3.83	3.84	21238715	82791496.00
2013/07/22	3.82	3.86	3.80	3.84	12118191	46420624.00
2013/07/23	3.86	3.98	3.84	3.97	19269650	75974064.00
2013/07/24	3.95	4.02	3.91	3.99	21122774	83963024.00
2013/07/25	4.03	4.10	3.98	3.98	24162349	97753200.00
2013/07/26	3.96	4.03	3.95	4.00	12282323	49149808.00
2013/07/29	3.98	3.98	3.88	3.90	13291833	52070252.00
2013/07/30	3.91	3.98	3.90	3.93	8753605	34480236.00
2013/07/31	3.96	3.99	3.93	3.94	7759726	30726190.00
2013/08/01	3.97	4.05	3.96	4.04	15376422	61784368.00
2013/08/02	4.07	4.10	4.04	4.06	13463010	54711936.00
2013/08/05	4.07	4.09	4.04	4.07	10055654	40918304.00
2013/08/06	4.05	4.09	4.03	4.07	10669430	43274020.00
2013/08/07	4.06	4.10	4.04	4.06	12075099	49166128.00
2013/08/08	4.05	4.06	4.01	4.04	10035120	40521084.00
2013/08/09	4.06	4.07	4.01	4.06	9117622	36824760.00
2013/08/12	4.07	4.15	4.03	4.14	34810620	143002512.00
2013/08/13	4.14	4.18	4.14	4.17	26492652	110126776.00
2013/08/14	4.18	4.21	4.12	4.13	15941464	66421952.00
2013/08/15	4.13	4.22	4.13	4.19	30203917	126635560.00
2013/08/16	4.18	4.61	4.13	4.17	35294700	150265168.00
2013/08/19	4.15	4.22	4.14	4.21	10639199	44539288.00
2013/08/20	4.21	4.25	4.17	4.21	16131214	67872504.00
2013/08/21	4.04	4.05	4.00	4.02	9485427	38207856.00
2013/08/22	4.01	4.05	3.99	3.99	10848789	43657300.00
2013/08/23	4.01	4.03	3.93	3.98	9920638	39614860.00
2013/08/26	3.99	4.07	3.99	4.05	9951913	40139672.00
2013/08/27	4.06	4.07	4.01	4.04	11855207	47835604.00
2013/08/28	4.02	4.03	3.96	3.99	27615458	110144272.00
2013/08/29	4.00	4.00	3.96	3.99	21915486	87217584.00
2013/08/30	3.99	4.05	3.97	4.00	27076427	108275856.00
2013/09/02	4.02	4.07	3.99	4.05	26191617	105480280.00
2013/09/03	4.05	4.08	4.03	4.07	24744504	100469632.00
2013/09/04	4.07	4.08	4.03	4.05	16627133	67390240.00
2013/09/05	4.06	4.06	4.01	4.04	11913006	48107964.00
2013/09/06	4.03	4.07	4.01	4.04	19331022	78110768.00
2013/09/09	4.05	4.20	4.04	4.19	44281661	183374976.00
2013/09/10	4.20	4.31	4.16	4.28	44852682	190771040.00
2013/09/11	4.35	4.59	4.34	4.46	75358045	336169760.00
2013/09/12	4.45	4.50	4.36	4.48	37013767	164337664.00
2013/09/13	4.45	4.48	4.36	4.39	24231657	106754528.00
2013/09/16	4.41	4.44	4.31	4.32	21726431	94552536.00
2013/09/17	4.35	4.38	4.22	4.23	18757107	80539208.00
2013/09/18	4.23	4.25	4.19	4.23	18803076	79313752.00
2013/09/23	4.25	4.28	4.22	4.27	16834150	71517648.00
2013/09/24	4.25	4.25	4.16	4.18	17901006	75165520.00
2013/09/25	4.17	4.19	4.12	4.14	18711668	77788824.00
2013/09/26	4.13	4.14	4.06	4.06	17058765	69633384.00
2013/09/27	4.06	4.08	4.05	4.08	9872896	40140532.00
2013/09/30	4.09	4.14	4.08	4.10	13389215	55033996.00
2013/10/08	4.10	4.15	4.08	4.14	13329340	54944608.00
2013/10/09	4.13	4.16	4.12	4.14	14418915	59621440.00
2013/10/10	4.14	4.15	4.08	4.09	13800770	56821092.00
2013/10/11	4.11	4.17	4.11	4.16	18103232	75066328.00
2013/10/14	4.18	4.31	4.18	4.28	39079652	166674592.00
2013/10/15	4.26	4.27	4.19	4.22	22429039	94827800.00
2013/10/16	4.22	4.22	4.10	4.13	18252490	75705128.00
2013/10/17	4.15	4.20	4.14	4.15	12949510	53935024.00
2013/10/18	4.16	4.17	4.12	4.13	10399945	43071164.00
2013/10/21	4.14	4.18	4.11	4.17	25783451	106917424.00
2013/10/22	4.15	4.20	4.13	4.18	17702241	73773336.00
2013/10/23	4.20	4.24	4.14	4.15	21258661	89069664.00
2013/10/24	4.15	4.16	4.11	4.14	14698063	60796564.00
2013/10/25	4.14	4.15	4.05	4.08	19541541	80191880.00
2013/10/28	4.07	4.09	4.05	4.07	9590713	39006316.00
2013/10/29	4.07	4.13	4.01	4.05	19385761	78846168.00
2013/10/30	4.07	4.18	4.05	4.17	22378877	92276352.00
2013/10/31	4.19	4.20	4.12	4.15	19327661	80308736.00
2013/11/01	4.15	4.19	4.13	4.18	18129735	75461144.00
2013/11/04	4.20	4.21	4.00	4.15	18567926	77299824.00
2013/11/05	4.11	4.19	4.08	4.19	18685504	77259560.00
2013/11/06	4.17	4.20	4.13	4.14	12040705	50196716.00
2013/11/07	4.16	4.23	4.12	4.20	23236280	97361080.00
2013/11/08	4.18	4.20	4.13	4.13	13799159	57410072.00
2013/11/11	4.14	4.17	4.11	4.15	6489127	26867710.00
2013/11/12	4.16	4.19	4.14	4.17	9431182	39326848.00
2013/11/13	4.15	4.16	4.08	4.09	13883217	57020612.00
2013/11/14	4.10	4.10	4.05	4.07	9914444	40333492.00
2013/11/15	4.07	4.17	4.07	4.13	14640653	60563844.00
2013/11/18	4.16	4.25	4.14	4.23	28115285	117862408.00
2013/11/19	4.25	4.27	4.20	4.22	19904048	84262600.00
2013/11/20	4.24	4.25	4.20	4.25	15372962	64954976.00
2013/11/21	4.24	4.24	4.18	4.23	14974003	63069236.00
2013/11/22	4.24	4.24	4.20	4.21	11645458	49102980.00
2013/11/25	4.20	4.22	4.17	4.20	12990540	54512388.00
2013/11/26	4.20	4.21	4.17	4.18	8972521	37585008.00
2013/11/27	4.18	4.24	4.16	4.23	16574045	69803816.00
2013/11/28	4.24	4.29	4.22	4.27	22430127	95514840.00
2013/11/29	4.26	4.29	4.25	4.27	14829363	63329156.00
2013/12/02	4.26	4.37	4.23	4.28	32339472	138843712.00
2013/12/03	4.28	4.35	4.26	4.34	19909821	86032544.00
2013/12/04	4.34	4.47	4.31	4.41	41022126	180940128.00
2013/12/05	4.41	4.42	4.35	4.37	23138467	101355168.00
2013/12/06	4.36	4.38	4.30	4.32	19869206	86027728.00
2013/12/09	4.35	4.37	4.32	4.34	14007323	60849084.00
2013/12/10	4.34	4.40	4.33	4.36	15149858	66092760.00
2013/12/11	4.34	4.36	4.28	4.31	22368947	96650016.00
2013/12/12	4.30	4.33	4.27	4.29	15924086	68478760.00
2013/12/13	4.26	4.31	4.25	4.28	10340867	44290372.00
2013/12/16	4.29	4.29	4.18	4.19	12882127	54504172.00
2013/12/17	4.20	4.22	4.17	4.22	7887068	33099472.00
2013/12/18	4.21	4.23	4.18	4.20	6371977	26816008.00
2013/12/19	4.22	4.22	4.10	4.13	13663980	56775392.00
2013/12/20	4.12	4.14	4.04	4.05	13033127	53202328.00
2013/12/23	4.06	4.08	4.01	4.04	5682451	22989918.00
2013/12/24	4.06	4.08	4.02	4.05	7079020	28703810.00
2013/12/25	4.05	4.07	4.03	4.06	6422372	26062708.00
2013/12/26	4.05	4.07	3.95	3.97	13367039	53482496.00
2013/12/27	3.98	4.05	3.96	4.03	10716017	43059868.00
2013/12/30	4.05	4.08	3.99	4.02	13160392	53033512.00
2013/12/31	3.99	4.05	3.98	4.04	11275826	45318216.00
2014/01/02	4.03	4.05	4.00	4.02	9844549	39570352.00
2014/01/03	4.00	4.02	3.95	3.96	11462794	45489008.00
2014/01/06	3.96	3.96	3.82	3.86	18767010	72508192.00
2014/01/07	3.83	3.90	3.83	3.89	8951883	34654440.00
2014/01/08	3.88	3.91	3.82	3.87	8256615	31988032.00
2014/01/09	3.86	3.88	3.81	3.84	10144056	38977172.00
2014/01/10	3.84	3.88	3.80	3.84	12033884	46022200.00
2014/01/13	3.82	3.85	3.80	3.85	10415033	39784380.00
2014/01/14	3.84	3.88	3.81	3.87	7049788	27114816.00
2014/01/15	3.85	3.86	3.81	3.84	6071484	23272146.00
2014/01/16	3.84	3.85	3.81	3.82	8118368	31104964.00
2014/01/17	3.81	3.84	3.77	3.79	10205065	38779364.00
2014/01/20	3.79	3.80	3.74	3.79	10567512	39757484.00
2014/01/21	3.79	3.83	3.78	3.81	9760918	37183352.00
2014/01/22	3.82	3.90	3.80	3.89	11991239	46334180.00
2014/01/23	3.88	3.89	3.84	3.86	8325621	32099412.00
2014/01/24	3.84	3.89	3.83	3.87	7848354	30324444.00
2014/01/27	3.84	3.85	3.81	3.82	6957469	26597632.00
2014/01/28	3.83	3.85	3.78	3.83	9907237	37797804.00
2014/01/29	3.83	3.86	3.82	3.85	6384725	24509362.00
2014/01/30	3.83	3.83	3.80	3.82	7396639	28195250.00
2014/02/07	3.80	3.83	3.79	3.83	6822079	25983426.00
2014/02/10	3.84	3.91	3.83	3.91	17014831	66011800.00
2014/02/11	3.90	3.94	3.87	3.93	15585140	60920384.00
2014/02/12	3.93	3.98	3.91	3.96	16084229	63486564.00
2014/02/13	3.94	3.96	3.90	3.90	11250009	44185724.00
2014/02/14	3.91	3.95	3.90	3.94	8969231	35197660.00
2014/02/17	3.94	3.97	3.93	3.95	13553329	53506572.00
2014/02/18	3.95	3.95	3.88	3.90	9342229	36575308.00
2014/02/19	3.89	3.96	3.87	3.94	16918136	66260044.00
2014/02/20	3.95	3.99	3.92	3.93	25350017	100314104.00
2014/02/21	3.94	3.94	3.87	3.90	13896422	54291412.00
2014/02/24	3.89	3.90	3.80	3.81	14405965	55275856.00
2014/02/25	3.81	3.83	3.75	3.76	14790451	56161912.00
2014/02/26	3.76	3.78	3.74	3.77	9226355	34706188.00
2014/02/27	3.79	3.81	3.69	3.72	28094070	104940968.00
2014/02/28	3.71	3.74	3.67	3.72	13203093	48947176.00
2014/03/03	3.73	3.77	3.71	3.75	13095419	49016620.00
2014/03/04	3.73	3.75	3.70	3.75	10606635	39568976.00
2014/03/05	3.75	3.75	3.70	3.70	10540247	39233588.00
2014/03/06	3.71	3.75	3.67	3.74	15153057	56238576.00
2014/03/07	3.73	3.75	3.70	3.71	14552025	54206936.00
2014/03/10	3.69	3.69	3.60	3.60	16084501	58613552.00
2014/03/11	3.60	3.62	3.57	3.62	10493151	37765424.00
2014/03/12	3.60	3.63	3.58	3.62	11155707	40233356.00
2014/03/13	3.63	3.68	3.61	3.65	10869414	39632584.00
2014/03/14	3.64	3.64	3.59	3.62	9399786	33988808.00
2014/03/17	3.63	3.65	3.61	3.64	9535084	34617976.00
2014/03/18	3.64	3.65	3.62	3.64	8174596	29708500.00
2014/03/19	3.63	3.63	3.58	3.62	11669032	42040192.00
2014/03/20	3.62	3.66	3.61	3.61	11156225	40559104.00
2014/03/21	3.60	3.74	3.60	3.73	25611294	94295664.00
2014/03/24	3.74	3.87	3.73	3.85	36812620	140260592.00
2014/03/25	3.83	3.89	3.82	3.87	26344016	101546352.00
2014/03/26	3.83	3.84	3.76	3.79	33530289	127433528.00
2014/03/27	3.77	3.80	3.75	3.76	17997611	67896864.00
2014/03/28	3.75	3.79	3.74	3.76	13907697	52413248.00
2014/03/31	3.77	3.79	3.75	3.76	11617281	43759184.00
2014/04/01	3.76	3.79	3.74	3.77	14209347	53472816.00
2014/04/02	3.78	3.82	3.76	3.81	24701885	93653344.00
2014/04/03	3.84	3.87	3.75	3.77	28604906	109068264.00
2014/04/04	3.76	3.79	3.75	3.78	10943735	41286684.00
2014/04/08	3.77	3.86	3.77	3.85	23863998	91185576.00
2014/04/09	3.87	3.87	3.83	3.85	15696794	60392612.00
2014/04/10	3.85	4.10	3.82	4.01	97872326	389354656.00
2014/04/11	4.03	4.06	3.95	3.96	60859017	243376624.00
2014/04/14	3.95	3.97	3.92	3.96	23471244	92513328.00
2014/04/15	3.94	3.94	3.87	3.88	28508546	111201032.00
2014/04/16	3.88	3.90	3.86	3.89	14368462	55799960.00
2014/04/17	3.89	3.91	3.84	3.85	20534782	79284040.00
2014/04/18	3.84	3.85	3.81	3.84	12413730	47541300.00
2014/04/21	3.82	3.85	3.76	3.78	22470120	85494408.00
2014/04/22	3.78	3.79	3.74	3.77	13031455	49030092.00
2014/04/23	3.76	3.78	3.74	3.76	11916897	44775908.00
2014/04/24	3.75	3.79	3.74	3.76	11066413	41655936.00
2014/04/25	3.77	3.78	3.71	3.72	15177105	56842292.00
2014/04/28	3.72	3.72	3.67	3.68	12199871	44990608.00
2014/04/29	3.69	3.71	3.67	3.70	11274286	41647940.00
2014/04/30	3.70	3.72	3.68	3.72	12006448	44430176.00
2014/05/05	3.73	3.74	3.68	3.72	13403201	49669600.00
2014/05/06	3.71	3.74	3.69	3.72	9789398	36398828.00
2014/05/07	3.70	3.75	3.70	3.71	13029117	48511236.00
2014/05/08	3.71	3.75	3.69	3.70	11447682	42560912.00
2014/05/09	3.71	3.72	3.68	3.69	9914418	36691752.00
2014/05/12	3.73	3.81	3.70	3.78	22830149	85759472.00
2014/05/13	3.78	3.79	3.75	3.76	14673908	55258216.00
2014/05/14	3.76	3.78	3.75	3.76	7511017	28255626.00
2014/05/15	3.76	3.77	3.73	3.73	9831355	36855556.00
2014/05/16	3.73	3.75	3.72	3.73	6375255	23816324.00
2014/05/19	3.73	3.75	3.70	3.72	8641430	32080394.00
2014/05/20	3.73	3.75	3.72	3.73	8132093	30372098.00
2014/05/21	3.72	3.76	3.71	3.75	6899391	25779188.00
2014/05/22	3.75	3.78	3.74	3.75	10646369	40083316.00
2014/05/23	3.76	3.78	3.74	3.78	7482704	28122200.00
2014/05/26	3.78	3.79	3.75	3.76	6411182	24164474.00
2014/05/27	3.76	3.77	3.73	3.73	7026574	26339244.00
2014/05/28	3.74	3.76	3.71	3.75	7961381	29757930.00
2014/05/29	3.75	3.76	3.71	3.72	9506121	35502384.00
2014/05/30	3.72	3.73	3.71	3.72	8782518	32659818.00
2014/06/03	3.72	3.74	3.70	3.71	12110625	45031088.00
2014/06/04	3.71	3.71	3.66	3.68	12266558	45097016.00
2014/06/05	3.68	3.70	3.66	3.70	7524417	27707488.00
2014/06/06	3.70	3.71	3.67	3.69	9613177	35461488.00
2014/06/09	3.68	3.71	3.66	3.69	9782767	36073528.00
2014/06/10	3.69	3.72	3.68	3.72	6566165	24328786.00
2014/06/11	3.71	3.72	3.69	3.70	7621769	28201182.00
2014/06/12	3.71	3.72	3.69	3.72	9102242	33762524.00
2014/06/13	3.71	3.76	3.70	3.74	12268153	45832104.00
2014/06/16	3.74	3.77	3.73	3.76	11581956	43482720.00
2014/06/17	3.76	3.77	3.73	3.74	9514106	35622676.00
2014/06/18	3.74	3.74	3.71	3.72	10301212	38367356.00
2014/06/19	3.72	3.73	3.67	3.67	13923238	51393024.00
2014/06/20	3.68	3.70	3.67	3.70	7641020	28143596.00
2014/06/23	3.70	3.70	3.67	3.68	11253776	41488712.00
2014/06/24	3.68	3.71	3.68	3.70	6018442	22237646.00
2014/06/25	3.70	3.70	3.68	3.68	4667173	17200154.00
2014/06/26	3.70	3.73	3.69	3.71	9805936	36416512.00
2014/06/27	3.71	3.74	3.70	3.73	9614228	35800808.00
2014/06/30	3.73	3.77	3.72	3.76	16167071	60691928.00
2014/07/01	3.76	3.77	3.73	3.75	13880005	51996280.00
2014/07/02	3.57	3.58	3.55	3.58	14897690	53126844.00
2014/07/03	3.58	3.59	3.56	3.58	13823937	49429688.00
2014/07/04	3.58	3.60	3.57	3.59	13311985	47692312.00
2014/07/07	3.59	3.60	3.58	3.58	11125170	39905632.00
2014/07/08	3.59	3.60	3.57	3.60	10131765	36363960.00
2014/07/09	3.59	3.60	3.55	3.57	10352314	37007980.00
2014/07/10	3.56	3.60	3.56	3.58	14678788	52570888.00
2014/07/11	3.58	3.63	3.58	3.61	16929798	61061948.00
2014/07/14	3.62	3.66	3.60	3.65	14782626	53674032.00
2014/07/15	3.65	3.68	3.64	3.67	17474126	63900232.00
2014/07/16	3.67	3.76	3.66	3.72	37114032	138162816.00
2014/07/17	3.71	3.75	3.67	3.69	20386288	75495584.00
2014/07/18	3.69	3.73	3.67	3.72	18624623	69085848.00
2014/07/21	3.71	3.72	3.68	3.70	11845164	43862000.00
2014/07/22	3.69	3.75	3.68	3.73	21063997	78522376.00
2014/07/23	3.73	3.80	3.72	3.77	40045391	151166160.00
2014/07/24	3.78	3.84	3.78	3.81	35885604	136943184.00
2014/07/25	3.82	3.85	3.80	3.84	19713234	75386272.00
2014/07/28	3.87	3.98	3.85	3.97	59147046	232784608.00
2014/07/29	3.97	3.98	3.93	3.95	25200793	99594648.00
2014/07/30	3.94	3.97	3.91	3.91	23524302	92619520.00
2014/07/31	3.93	3.96	3.91	3.95	15731840	61912908.00
2014/08/01	3.94	4.02	3.93	3.94	36829050	146306544.00
2014/08/04	3.95	4.01	3.95	4.00	23823080	94811592.00
2014/08/05	4.00	4.02	3.97	3.99	19644485	78467616.00
2014/08/06	3.99	4.01	3.94	3.99	25831711	102583976.00
2014/08/07	3.99	4.00	3.89	3.90	34445101	135613248.00
2014/08/08	3.91	3.95	3.90	3.92	21897712	85884456.00
2014/08/11	3.92	3.98	3.92	3.98	22478329	88930328.00
2014/08/12	3.98	3.98	3.94	3.97	29125425	115359408.00
2014/08/13	4.02	4.13	4.01	4.10	119833839	489556384.00
2014/08/14	4.08	4.23	4.06	4.16	81839022	341162112.00
2014/08/15	4.15	4.18	4.12	4.17	32749952	136151760.00
2014/08/18	4.19	4.20	4.14	4.17	26273205	109419136.00
2014/08/19	4.17	4.17	4.09	4.13	39518697	163019792.00
2014/08/20	4.13	4.13	4.09	4.12	19664241	80892648.00
2014/08/21	4.13	4.13	4.04	4.09	32462627	132301192.00
2014/08/22	4.06	4.09	4.06	4.08	19832179	80747400.00
2014/08/25	4.07	4.09	4.04	4.07	15908944	64655748.00
2014/08/26	4.07	4.08	4.03	4.05	17165191	69574648.00
2014/08/27	4.06	4.07	4.03	4.04	15348132	62150328.00
2014/08/28	4.04	4.04	3.96	3.97	24809684	99072936.00
2014/08/29	3.97	4.02	3.96	4.02	22403084	89259184.00
2014/09/01	4.02	4.05	4.01	4.04	20098752	81032024.00
2014/09/02	4.05	4.08	4.03	4.08	24665762	100020704.00
2014/09/03	4.09	4.13	4.08	4.11	35222393	144739904.00
2014/09/04	4.12	4.14	4.10	4.12	23553532	97063280.00
2014/09/05	4.14	4.17	4.13	4.16	32322901	134093104.00
2014/09/09	4.16	4.18	4.14	4.17	30892064	128700544.00
2014/09/10	4.16	4.16	4.12	4.15	24245618	100398760.00
2014/09/11	4.14	4.20	4.13	4.15	35836864	149154336.00
2014/09/12	4.15	4.19	4.10	4.18	36377952	151107888.00
2014/09/15	4.16	4.34	4.16	4.26	77027650	327527008.00
2014/09/16	4.26	4.69	4.24	4.56	218537226	998025472.00
2014/09/17	4.55	4.72	4.41	4.61	134646233	615843776.00
2014/09/18	4.57	4.64	4.46	4.49	87764634	396976064.00
2014/09/19	4.51	4.64	4.46	4.60	94571862	432100544.00
2014/09/22	4.55	4.59	4.50	4.52	54835031	248662848.00
2014/09/23	4.52	4.55	4.45	4.53	56343662	253703184.00
2014/09/24	4.54	4.88	4.52	4.72	120907890	571196096.00
2014/09/25	4.72	4.84	4.66	4.73	85937103	408393568.00
2014/09/26	4.69	4.76	4.64	4.69	35098240	164789712.00
2014/09/29	4.75	4.85	4.71	4.77	59681224	284251008.00
2014/09/30	4.83	4.84	4.71	4.74	45992332	218384464.00
2014/10/08	4.74	4.75	4.67	4.73	45945704	216398064.00
2014/10/09	4.72	4.88	4.70	4.82	91337179	438517632.00
2014/10/10	4.78	4.80	4.69	4.72	69581243	330012480.00
2014/10/13	4.69	4.69	4.57	4.62	51430791	237276736.00
2014/10/14	4.62	4.69	4.60	4.65	41109583	190952192.00
2014/10/15	4.63	4.68	4.56	4.65	38523952	178129104.00
2014/10/16	4.61	4.85	4.60	4.70	114993592	546984256.00
2014/10/17	4.67	4.72	4.50	4.62	56497409	260572432.00
2014/10/20	4.64	4.65	4.58	4.63	27113369	125107664.00
2014/10/21	4.61	4.67	4.59	4.59	26496794	122389560.00
2014/10/22	4.60	4.62	4.50	4.53	30614648	139855888.00
2014/10/23	4.53	4.62	4.51	4.57	42540045	194399872.00
2014/10/24	4.55	4.62	4.48	4.50	26853729	121818120.00
2014/10/27	4.46	4.48	4.36	4.41	33678867	148540608.00
2014/10/28	4.42	4.68	4.41	4.64	64865653	295968000.00
2014/10/29	4.65	4.83	4.61	4.76	122949157	584330240.00
2014/10/30	4.73	5.20	4.72	5.12	159622240	798941952.00
2014/10/31	5.16	5.21	4.98	5.08	115045257	582424000.00
2014/11/03	5.11	5.59	5.11	5.57	281009644	1548909056.00
2014/11/04	5.82	6.13	5.62	6.13	281460034	1671919104.00
2014/11/05	6.49	6.55	6.15	6.18	360124310	2276188160.00
2014/11/06	6.16	6.80	5.96	6.80	380987443	2435499008.00
2014/11/07	6.86	7.04	6.56	6.66	384734519	2609767168.00
2014/11/10	6.75	7.03	6.56	6.98	304018566	2079171200.00
2014/11/11	6.80	6.83	6.37	6.47	222669777	1468825856.00
2014/11/12	6.45	6.56	6.31	6.54	143995237	929349632.00
2014/11/13	6.49	6.81	6.42	6.52	165877971	1092270208.00
2014/11/14	6.38	6.38	6.18	6.31	122942440	771587904.00
2014/11/17	6.28	6.53	6.12	6.32	115920224	734984000.00
2014/11/18	6.31	6.82	6.25	6.59	197159832	1297995136.00
2014/11/19	6.52	6.62	6.39	6.41	110591169	717791296.00
2014/11/20	6.30	6.49	6.27	6.39	79432968	507191488.00
2014/11/21	6.38	6.68	6.30	6.62	129099300	838696576.00
2014/11/24	6.70	7.28	6.59	7.28	226807375	1596764672.00
2014/11/25	7.41	7.68	7.24	7.50	298810550	2223540224.00
2014/11/26	7.50	7.71	7.28	7.48	221882556	1660150016.00
2014/11/27	7.49	7.50	7.15	7.31	173441871	1265778176.00
2014/11/28	7.18	7.85	7.10	7.58	217393296	1607529344.00
2014/12/01	7.43	7.47	7.18	7.21	130453015	954122368.00
2014/12/02	7.21	7.49	7.19	7.31	132502909	968913984.00
2014/12/03	7.31	7.55	7.13	7.26	173499228	1272156032.00
2014/12/04	7.28	7.45	7.17	7.37	155207730	1132959232.00
2014/12/05	7.43	7.43	6.96	7.10	162113079	1159122304.00
2014/12/08	7.15	7.81	7.15	7.81	239367650	1811176960.00
2014/12/09	8.15	8.59	7.85	8.19	386547012	3236257024.00
2014/12/10	8.56	9.01	8.55	9.01	299798949	2660414976.00
2014/12/11	9.54	9.91	9.08	9.91	353738505	3372244224.00
2014/12/12	9.80	10.70	9.18	10.24	313814976	3133626624.00
2014/12/15	10.04	11.26	9.81	11.26	241071541	2594949120.00
2014/12/16	11.65	12.28	10.91	11.78	285244121	3314716672.00
2014/12/17	11.80	12.49	11.47	12.16	235073904	2830500096.00
2014/12/18	12.31	13.33	11.80	13.01	257894742	3222233344.00
2014/12/19	13.00	14.31	12.66	14.31	271591049	3724308992.00
2014/12/22	15.05	15.72	12.89	13.14	365057732	5273850880.00
2014/12/23	12.87	13.95	12.01	13.33	250633174	3261087744.00
2014/12/24	12.97	13.18	12.22	12.56	215054358	2722956544.00
2014/12/25	12.78	13.82	12.50	13.82	253234411	3321617408.00
2014/12/26	13.97	14.78	13.15	13.86	328198477	4575509504.00
2014/12/29	13.41	14.88	13.22	14.27	252739206	3589269504.00
2014/12/30	14.01	14.40	13.68	13.99	136681885	1908240128.00
2014/12/31	14.20	14.44	13.62	13.89	134604091	1884438656.00
2015/01/05	14.07	14.14	13.31	13.54	146639569	1998220928.00
2015/01/06	13.50	13.70	12.86	13.30	162386992	2150245888.00
2015/01/07	13.36	14.38	13.35	14.08	225227552	3146227968.00
2015/01/08	13.88	13.89	13.20	13.28	143132454	1923275008.00
2015/01/09	13.01	14.61	13.00	14.16	430828699	6144227328.00
2015/01/12	13.58	13.98	13.30	13.88	212923463	2893848832.00
2015/01/13	13.89	13.93	13.45	13.56	118572353	1617164928.00
2015/01/14	13.61	13.73	12.69	12.82	156442417	2055666688.00
2015/01/15	12.80	13.35	12.50	13.28	133788680	1735069952.00
2015/01/16	13.18	13.63	13.00	13.20	123902450	1648700544.00
2015/01/19	12.18	12.70	11.88	11.88	138375841	1678352128.00
2015/01/20	11.73	12.38	11.73	11.99	120290507	1451755008.00
2015/01/21	12.10	12.83	11.90	12.68	143089461	1774336640.00
2015/01/22	12.67	12.67	12.20	12.47	107938088	1339159552.00
2015/01/23	12.49	13.34	12.36	12.99	180089252	2345287936.00
2015/01/26	12.80	13.00	12.58	12.93	91493503	1169600128.00
2015/01/27	12.97	13.68	12.78	13.48	216724380	2888806656.00
2015/01/28	13.20	13.64	13.01	13.12	124794176	1656355328.00
2015/01/29	12.80	13.24	12.67	12.75	82601883	1066894912.00
2015/01/30	12.75	12.90	12.05	12.06	102628312	1263251584.00
2015/02/02	11.50	11.50	10.90	10.98	124911424	1395908224.00
2015/02/03	11.03	11.42	10.83	11.35	97729493	1088777472.00
2015/02/04	11.40	12.27	11.20	11.75	130772054	1520935936.00
2015/02/05	11.89	11.89	11.11	11.14	94786304	1092659072.00
2015/02/06	11.09	11.70	10.88	11.33	105749679	1200552192.00
2015/02/09	11.18	11.85	11.00	11.65	98370015	1140107392.00
2015/02/10	11.68	12.29	11.56	12.18	127219999	1529504640.00
2015/02/11	12.02	12.29	11.80	11.96	81787879	981462656.00
2015/02/12	11.90	12.24	11.86	11.90	78613123	945993664.00
2015/02/13	11.98	12.07	11.86	11.92	72568146	869264640.00
2015/02/16	11.92	12.04	11.75	11.94	69078491	822891200.00
2015/02/17	11.93	12.15	11.90	12.00	64628378	776166848.00
2015/02/25	12.10	12.43	11.94	12.33	109176802	1333216768.00
2015/02/26	12.20	13.56	12.05	13.56	328604812	4329959936.00
2015/02/27	13.58	14.11	13.55	13.84	312301845	4328183808.00
2015/03/02	14.12	14.16	13.36	13.61	164654238	2247136512.00
2015/03/03	13.50	14.57	13.35	14.25	247509820	3459381248.00
2015/03/04	14.14	14.14	13.62	13.81	143848389	1992280192.00
2015/03/05	13.58	14.12	13.00	13.65	183238669	2444696064.00
2015/03/06	13.48	13.48	12.90	12.91	111369163	1466680704.00
2015/03/09	12.50	13.09	12.41	13.00	85823159	1100727168.00
2015/03/10	12.94	13.12	12.74	12.85	66288635	854456320.00
2015/03/11	12.83	13.06	12.65	12.68	85572465	1098613760.00
2015/03/12	12.59	13.10	12.42	12.96	111280641	1420075392.00
2015/03/13	13.06	13.50	12.89	13.17	131474093	1733371776.00
2015/03/16	13.19	13.40	12.97	13.31	101838462	1346548992.00
2015/03/17	13.59	14.02	13.59	13.74	195999746	2704572928.00
2015/03/18	13.78	14.14	13.78	13.98	148897028	2075507584.00
2015/03/19	14.00	15.30	13.83	15.11	290033808	4301568512.00
2015/03/20	15.00	15.09	14.69	14.77	210736096	3120249856.00
2015/03/23	14.98	15.68	14.83	15.36	229619174	3504280320.00
2015/03/24	15.35	15.67	14.38	15.39	233287606	3514740736.00
2015/03/25	15.11	15.38	14.71	14.91	169689857	2546445056.00
2015/03/26	14.85	15.19	14.50	14.82	134476841	1998745600.00
2015/03/27	15.10	16.30	14.96	16.30	306434969	4869033984.00
2015/03/30	16.70	17.93	16.60	17.93	215583018	3749965824.00
2015/03/31	19.20	19.72	18.30	18.49	431316208	8170972160.00
2015/04/01	18.84	19.84	18.34	18.68	360787696	6839583744.00
2015/04/02	18.30	18.52	18.06	18.30	208985795	3810171648.00
2015/04/03	18.00	18.10	17.65	17.85	200002886	3564188160.00
2015/04/07	18.21	18.24	17.71	18.01	178337373	3208025856.00
2015/04/08	18.10	19.81	17.88	19.55	452465542	8771054592.00
2015/04/09	19.05	19.19	18.02	18.56	303938238	5615670784.00
2015/04/10	18.55	19.28	18.10	19.20	201188240	3765760256.00
2015/04/13	19.10	20.56	18.80	19.91	290497628	5686737408.00
2015/04/14	19.95	21.16	19.30	20.66	302586192	6216834048.00
2015/04/15	20.42	22.73	19.89	21.06	371166944	8055318016.00
2015/04/16	20.01	21.66	19.28	20.38	245208480	5009857024.00
2015/04/17	20.62	22.42	20.62	22.20	339891631	7368926720.00
2015/04/20	22.35	24.11	21.30	23.37	393129604	9035770880.00
2015/04/21	22.77	23.16	21.03	21.65	285695646	6165108736.00
2015/04/22	21.65	22.41	20.65	21.62	211335538	4563349504.00
2015/04/23	21.58	21.99	21.18	21.44	151396038	3251287808.00
2015/04/24	21.44	22.65	21.09	22.05	204533875	4460338688.00
2015/04/27	22.50	23.90	21.70	23.22	322484380	7288701952.00
2015/04/28	22.70	24.46	22.30	22.61	282446425	6572715520.00
2015/04/29	22.05	22.15	21.00	21.49	171165031	3681598720.00
2015/04/30	21.44	22.70	21.28	21.59	153469877	3384371712.00
2015/05/04	21.70	22.50	21.69	21.89	129369066	2846906368.00
2015/05/05	21.76	22.18	19.88	20.03	141741603	2974119680.00
2015/05/06	19.95	20.41	18.62	18.94	129154521	2490797312.00
2015/05/07	18.63	18.63	17.05	17.05	142215430	2514119936.00
2015/05/08	17.20	18.39	17.20	18.36	168728581	3000182016.00
2015/05/11	18.25	19.10	18.00	18.79	154783411	2879812096.00
2015/05/12	18.80	19.39	18.50	19.12	127568761	2419528704.00
2015/05/13	18.99	19.45	18.42	18.50	123329657	2328605440.00
2015/05/14	18.30	18.40	17.70	18.18	93054497	1676421632.00
2015/05/15	18.15	18.77	17.86	18.24	100303438	1843301760.00
2015/05/18	18.32	18.62	17.90	17.92	81733669	1487416704.00
2015/05/19	18.38	19.71	18.30	19.71	238858207	4605306880.00
2015/05/20	19.70	19.98	19.28	19.43	199235451	3895886080.00
2015/05/21	19.25	19.52	18.98	19.40	104635509	2011785088.00
2015/05/22	19.60	20.73	19.42	20.36	198256373	3991366656.00
2015/05/25	20.50	21.68	20.21	21.38	191280921	3981547264.00
2015/05/26	21.30	22.00	20.59	21.39	187334521	3981920000.00
2015/05/27	21.39	21.52	20.35	20.54	160256537	3331738880.00
2015/05/28	20.50	20.59	18.49	18.53	185729674	3656317696.00
2015/05/29	18.25	18.78	17.06	17.87	136277990	2436901120.00
2015/06/01	17.87	18.69	17.80	18.64	106716878	1951971584.00
2015/06/02	18.50	19.37	18.36	19.00	128821156	2422253568.00
2015/06/03	19.10	20.44	19.01	19.74	164610079	3251200512.00
2015/06/04	19.74	19.99	17.82	19.23	117912504	2241066240.00
2015/06/05	19.32	21.15	19.13	20.94	229058102	4597720064.00
2015/06/08	20.94	21.15	19.80	20.30	192815518	3937839104.00
2015/06/09	20.21	20.22	19.27	19.46	125509956	2457674496.00
2015/06/10	19.11	19.47	18.80	19.23	82807799	1584642944.00
2015/06/11	19.26	19.53	18.90	19.16	74667872	1430534144.00
2015/06/12	19.18	19.30	18.60	18.81	94646678	1787356928.00
2015/06/15	18.80	19.25	18.70	18.76	77385498	1466793984.00
2015/06/16	18.50	18.50	17.00	17.26	104021474	1844682624.00
2015/06/17	17.26	17.96	17.11	17.88	71370491	1248474240.00
2015/06/18	17.80	17.80	16.50	16.64	71503491	1229273344.00
2015/06/19	16.35	16.49	14.98	15.02	83694576	1316221440.00
2015/06/23	15.05	15.49	13.89	15.43	82037181	1229908480.00
2015/06/24	15.47	15.87	15.30	15.73	77504499	1207453952.00
2015/06/25	15.75	15.77	14.63	14.96	74136522	1134400384.00
2015/06/26	14.80	16.46	14.42	15.74	213101557	3337186560.00
2015/06/29	16.00	17.31	15.48	17.31	313771512	5225307136.00
2015/06/30	17.00	17.90	15.43	17.56	279256542	4656165888.00
2015/07/01	17.00	17.27	15.80	15.84	172052231	2875426304.00
2015/07/02	15.68	15.68	14.26	14.26	131713453	1941662336.00
2015/07/03	13.50	14.09	12.83	12.83	106868370	1397610880.00
2015/07/06	14.10	14.10	13.15	13.56	183177792	2479806464.00
2015/07/07	13.30	14.92	12.90	14.92	222754330	3208682496.00
2015/07/08	13.99	16.00	13.43	15.49	307432507	4651205120.00
2015/07/09	14.80	17.04	14.38	17.04	156149889	2548362240.00
2015/07/10	16.95	18.64	16.38	18.35	185390436	3366983168.00
2015/07/13	18.10	19.20	17.80	18.22	187392049	3451666432.00
2015/07/14	17.60	17.93	16.40	16.41	139411000	2376183296.00
2015/07/15	16.00	16.16	15.00	16.11	97377258	1515847296.00
2015/07/16	16.11	16.83	16.11	16.54	99031755	1643036416.00
2015/07/17	16.70	17.40	16.01	16.98	104655083	1764928512.00
2015/07/20	16.60	17.70	16.50	17.31	118414743	2020988544.00
2015/07/21	16.85	18.29	16.66	17.56	143905899	2549948672.00
2015/07/22	17.30	17.56	16.57	16.79	89980218	1526102912.00
2015/07/23	16.75	17.05	16.59	16.86	79966670	1348155136.00
2015/07/24	16.73	17.24	16.30	16.39	77679989	1304098432.00
2015/07/27	15.80	16.14	14.75	14.75	68194633	1054280384.00
2015/07/28	14.44	14.49	13.30	13.98	68707102	954994624.00
2015/07/29	14.19	15.06	14.00	14.97	64639738	940328768.00
2015/07/30	14.90	15.08	13.80	14.12	53890322	791273664.00
2015/07/31	14.00	14.60	13.90	14.46	44505300	640597888.00
2015/08/03	14.50	15.09	14.20	15.05	59263476	882294272.00
2015/08/04	14.99	15.38	14.50	15.30	58598758	879466496.00
2015/08/05	15.16	15.90	15.00	15.11	52289314	806300032.00
2015/08/06	14.67	15.00	14.48	14.54	35684319	523050496.00
2015/08/07	14.60	15.20	14.60	14.84	35277981	525362720.00
2015/08/10	15.57	16.32	15.30	16.32	95741763	1540556160.00
2015/08/11	16.64	16.64	15.82	16.01	95305192	1541785856.00
2015/08/12	15.80	16.72	15.70	16.04	68085466	1099211776.00
2015/08/13	15.90	16.30	15.59	16.09	49459656	790624832.00
2015/08/14	16.25	16.35	15.90	15.96	51163564	825782848.00
2015/08/17	15.90	15.90	15.33	15.70	43385729	676268160.00
2015/08/18	15.80	15.85	14.13	14.13	59885994	893645120.00
2015/08/19	13.90	14.53	13.70	14.45	41291723	587053120.00
2015/08/20	14.31	14.40	13.89	13.93	27524305	388764416.00
2015/08/21	13.93	14.24	13.22	13.39	31364162	430794560.00
2015/08/24	12.96	13.75	12.05	12.13	69478722	860978112.00
2015/08/25	11.52	12.00	10.92	10.92	46226985	528878464.00
2015/08/26	11.04	11.25	9.92	10.01	59284994	629872448.00
2015/08/27	10.21	10.95	10.09	10.92	59106173	620505152.00
2015/08/28	11.15	12.01	10.98	12.01	71555243	827473920.00
2015/08/31	11.95	12.26	11.16	12.20	70149102	819557952.00
2015/09/01	11.80	12.72	11.30	12.71	89047904	1088991744.00
2015/09/02	12.15	13.88	12.05	13.86	118979551	1580418176.00
2015/09/07	13.38	14.15	12.63	12.66	73219186	981521856.00
2015/09/08	12.39	12.80	11.54	12.64	45402009	554514496.00
2015/09/09	12.75	13.18	12.60	12.83	40008864	515773216.00
2015/09/10	12.60	12.98	12.51	12.60	26393961	335210912.00
2015/09/11	12.59	12.77	12.30	12.43	19576777	245509920.00
2015/09/14	12.90	13.60	12.61	12.84	66385868	871641664.00
2015/09/15	12.40	12.47	11.56	11.56	38122666	451826112.00
2015/09/16	11.37	12.65	11.37	12.36	32927864	393224352.00
2015/09/17	12.39	13.57	12.03	12.47	54230473	703528832.00
2015/09/18	12.57	12.90	12.40	12.72	33616276	426066912.00
2015/09/21	12.70	13.10	12.56	12.94	25015601	322147488.00
2015/09/22	12.95	13.22	12.75	12.88	29910653	387940352.00
2015/09/23	12.70	13.10	12.40	12.48	23777959	302596832.00
2015/09/24	12.55	12.80	12.46	12.63	17683696	222970768.00
2015/09/25	12.52	12.82	12.06	12.33	21659577	269396224.00
2015/09/28	12.39	12.50	12.03	12.29	10514156	128755072.00
2015/09/29	12.04	12.12	11.60	11.81	15165745	180310496.00
2015/09/30	11.99	12.20	11.84	11.87	13050236	156713936.00
2015/10/08	12.30	12.46	12.21	12.25	14206112	174610112.00
2015/10/09	12.35	12.42	12.23	12.33	13577522	167394320.00
2015/10/12	12.34	13.09	12.31	12.93	35706891	457926400.00
2015/10/13	12.76	12.90	12.75	12.82	21924730	280731584.00
2015/10/14	12.94	13.12	12.69	12.72	28588862	370189952.00
2015/10/15	12.65	12.99	12.61	12.95	27851274	357438432.00
2015/10/16	13.08	13.28	12.93	13.21	43228768	568543936.00
2015/10/19	13.34	13.35	12.82	12.94	31374789	410100736.00
2015/10/20	12.96	14.23	12.76	14.23	61934890	838400384.00
2015/10/21	14.99	15.65	14.53	15.27	187905192	2861174016.00
2015/10/22	14.70	15.98	14.40	15.42	139104369	2086851456.00
2015/10/23	15.00	15.42	14.80	15.04	82416852	1240371328.00
2015/10/26	15.10	15.99	15.00	15.04	74713094	1150982912.00
2015/10/27	14.70	15.49	14.40	15.21	64433346	958868416.00
2015/10/28	15.05	15.36	14.33	14.42	50459379	749614976.00
2015/10/29	14.50	14.83	14.20	14.29	32822591	474105312.00
2015/10/30	14.19	14.98	14.11	14.42	48837453	717054592.00
2015/11/02	14.06	15.15	14.01	14.45	45520147	661151296.00
2015/11/03	14.35	14.86	14.30	14.54	38465666	559411648.00
2015/11/04	14.40	15.50	14.40	15.27	69822323	1048814016.00
2015/11/05	15.33	16.80	15.12	16.67	192508309	3176272896.00
2015/11/06	16.20	16.77	16.01	16.56	128554865	2103345664.00
2015/11/09	16.32	17.70	16.23	16.58	117671835	1996595840.00
2015/11/10	16.37	16.58	16.00	16.20	69034214	1120444544.00
2015/11/11	16.13	16.97	15.98	16.30	54165598	887753472.00
2015/11/12	16.32	16.44	16.00	16.09	41762298	673375360.00
2015/11/13	15.89	16.30	15.62	15.72	43105305	688354560.00
2015/11/16	15.51	16.39	15.41	16.28	50493099	807048576.00
2015/11/17	16.46	16.85	16.09	16.14	64953009	1072257152.00
2015/11/18	16.15	16.16	15.56	15.66	42050209	666815424.00
2015/11/19	15.76	15.94	15.62	15.91	26138626	412750592.00
2015/11/20	15.94	16.34	15.73	15.86	35565735	569458048.00
2015/11/23	15.86	16.42	15.85	16.26	47002924	759821184.00
2015/11/24	16.26	16.26	15.76	16.05	32018441	510001376.00
2015/11/25	15.90	15.99	15.67	15.85	40675081	641666944.00
2015/11/26	16.03	16.13	15.58	15.61	40335403	635971904.00
2015/11/27	15.50	15.58	14.05	14.12	57807798	852256320.00
2015/11/30	14.10	14.21	13.14	13.72	41009467	559876608.00
2015/12/01	13.60	14.47	13.60	14.09	34010378	475480096.00
2015/12/02	14.11	14.91	13.80	14.72	49756083	720163136.00
2015/12/03	14.54	14.89	14.20	14.58	35650659	520086560.00
2015/12/04	14.40	14.65	14.03	14.14	28016007	400302144.00
2015/12/07	14.13	14.27	13.90	14.09	16925537	238347536.00
2015/12/08	14.00	14.00	13.41	13.44	24164643	330206976.00
2015/12/09	13.36	13.62	13.35	13.48	16531340	222595904.00
2015/12/10	13.54	13.70	13.25	13.31	14689065	197920640.00
2015/12/11	13.33	13.50	13.23	13.29	13341566	177984864.00
2015/12/14	13.20	13.95	13.12	13.87	27356788	373472160.00
2015/12/15	13.87	13.95	13.57	13.63	19694298	269628768.00
2015/12/16	13.62	13.77	13.52	13.63	14771302	201545712.00
2015/12/17	13.70	14.08	13.65	13.84	25151925	348417536.00
2015/12/18	13.86	14.16	13.79	13.86	25900598	362166400.00
2015/12/21	13.90	14.26	13.70	14.15	36416565	513103616.00
2015/12/22	14.16	14.16	13.88	13.99	20242191	282737824.00
2015/12/23	14.06	14.12	13.85	13.88	24895990	348196000.00
2015/12/24	13.86	13.96	13.51	13.70	22289841	305595904.00
2015/12/25	13.69	14.10	13.61	13.97	20563197	284837280.00
2015/12/28	13.94	13.97	13.28	13.44	26506796	361032672.00
2015/12/29	13.38	13.49	13.26	13.47	11890056	158809840.00
2015/12/30	13.51	13.58	13.36	13.48	8893948	119683912.00
2015/12/31	13.40	13.72	13.40	13.41	11806674	160037344.00
2016/01/04	13.45	13.51	12.20	12.25	12318615	158957472.00
2016/01/05	11.80	12.31	11.55	12.11	21678169	260406560.00
2016/01/06	12.05	12.55	12.05	12.48	18387051	226781328.00
2016/01/07	12.20	12.28	11.25	11.32	4580968	53856964.00
2016/01/08	11.60	11.88	10.51	11.49	18763051	215951312.00
2016/01/11	11.40	12.20	11.12	11.29	28261384	331592192.00
2016/01/12	11.45	11.71	11.27	11.63	23041851	265767312.00
2016/01/13	11.73	11.76	10.90	10.98	17514499	199394960.00
2016/01/14	10.58	11.25	10.41	11.21	17833639	195074816.00
2016/01/15	11.10	11.30	10.58	10.63	14994165	163590400.00
2016/01/18	10.40	10.96	10.28	10.74	16644345	178287184.00
2016/01/19	10.74	11.81	10.55	11.81	18321144	209049600.00
2016/01/20	12.85	12.99	12.65	12.80	110707278	1425404288.00
2016/01/21	12.00	12.51	11.72	11.80	76380425	929846912.00
2016/01/22	11.88	12.47	11.35	12.12	65915520	791211840.00
2016/01/25	12.00	12.08	11.75	11.88	39498399	469991008.00
2016/01/26	11.68	11.80	10.69	10.76	40530549	453797312.00
2016/01/27	10.38	11.00	10.20	10.93	34523880	366764224.00
2016/01/28	10.70	10.81	10.13	10.31	23327817	245201344.00
2016/01/29	10.37	11.09	10.21	10.80	30141315	325487328.00
2016/02/01	10.62	10.74	10.30	10.49	18729204	197206784.00
2016/02/02	10.52	10.98	10.52	10.76	17904224	192818608.00
2016/02/03	10.61	10.94	10.44	10.71	16402063	174515136.00
2016/02/04	10.71	11.15	10.71	10.87	20784313	226997008.00
2016/02/05	10.84	11.00	10.74	10.79	15320065	165887472.00
2016/02/15	10.35	10.66	10.35	10.53	12874971	135135120.00
2016/02/16	10.62	11.16	10.58	10.97	25405008	278104896.00
2016/02/17	10.85	12.07	10.85	11.83	63887113	738922176.00
2016/02/18	11.66	11.95	11.51	11.63	33946949	396227968.00
2016/02/19	11.55	11.79	11.39	11.59	21770720	252959904.00
2016/02/22	11.78	12.10	11.60	11.87	30274921	359944640.00
2016/02/23	11.80	11.88	11.50	11.60	17404061	202531200.00
2016/02/24	11.52	11.90	11.38	11.85	25857882	302997568.00
2016/02/25	11.74	11.79	10.67	10.68	32152520	359707328.00
2016/02/26	10.80	10.97	10.50	10.82	17660472	190641152.00
2016/02/29	10.76	10.89	10.04	10.56	19110266	198409424.00
2016/03/01	10.63	10.85	10.46	10.77	13200937	141160512.00
2016/03/02	10.92	11.61	10.80	11.47	32418569	364592032.00
2016/03/03	11.47	11.79	11.34	11.54	27301710	314698688.00
2016/03/04	11.42	11.90	11.38	11.86	49734077	584172096.00
2016/03/07	12.00	12.40	11.58	11.72	32124618	382599104.00
2016/03/08	11.60	11.79	11.04	11.75	23609649	268375952.00
2016/03/09	11.43	11.70	11.25	11.68	18278486	209383568.00
2016/03/10	11.50	11.69	11.23	11.26	10080009	115796992.00
2016/03/11	11.22	11.52	11.11	11.41	9492221	107855840.00
2016/03/14	11.58	11.84	11.50	11.61	16511565	192685040.00
2016/03/15	11.67	11.70	11.40	11.58	15370983	177810944.00
2016/03/16	11.50	11.79	11.50	11.71	28240033	330088512.00
2016/03/17	11.79	11.84	11.52	11.77	18577356	217257680.00
2016/03/18	11.87	12.06	11.74	11.92	36264704	432139200.00
2016/03/21	11.99	13.11	11.99	12.68	70998548	903030592.00
2016/03/22	12.40	12.60	12.24	12.31	41830199	518590240.00
2016/03/23	12.35	12.39	12.13	12.30	19456538	238703360.00
2016/03/24	12.01	12.49	12.01	12.05	22911365	280762080.00
2016/03/25	12.12	12.34	12.06	12.25	14437527	176082048.00
2016/03/28	12.25	12.40	11.98	12.04	18637543	227588240.00
2016/03/29	12.10	12.21	11.76	11.82	18480299	221464384.00
2016/03/30	11.95	12.14	11.81	12.13	17431632	209640448.00
2016/03/31	12.19	12.32	12.11	12.20	18750254	229036896.00
2016/04/01	12.25	12.29	11.93	12.25	17940551	217768096.00
2016/04/05	12.20	12.84	12.15	12.60	37476530	470716928.00
2016/04/06	12.46	12.60	12.35	12.46	15629189	194809232.00
2016/04/07	12.52	12.58	12.19	12.20	13094866	162155488.00
2016/04/08	12.15	12.25	12.04	12.14	10832292	131456184.00
2016/04/11	12.33	12.43	12.26	12.35	12534400	154902064.00
2016/04/12	12.31	12.36	12.15	12.18	9802196	119624328.00
2016/04/13	12.28	12.63	12.25	12.41	21739571	271085152.00
2016/04/14	12.42	12.63	12.32	12.53	15861491	197902512.00
2016/04/15	12.45	12.66	12.34	12.37	14038809	175398368.00
2016/04/18	12.28	12.29	12.06	12.11	11247979	136487216.00
2016/04/19	12.24	12.29	12.00	12.09	11331649	137018768.00
2016/04/20	12.11	12.16	11.43	11.79	24034328	282512576.00
2016/04/21	11.80	11.84	11.60	11.66	10710689	125623528.00
2016/04/22	11.50	11.68	11.50	11.64	7579620	87797616.00
2016/04/25	11.59	11.66	11.42	11.57	9556421	110071992.00
2016/04/26	11.57	12.05	11.51	11.75	11747182	138290352.00
2016/04/27	11.67	11.80	11.59	11.64	6474208	75553256.00
2016/04/28	11.66	11.70	11.40	11.51	6436584	74139616.00
2016/04/29	11.50	11.54	11.38	11.40	7761294	88765664.00
2016/05/03	11.43	11.76	11.38	11.71	12798273	148365296.00
2016/05/04	11.59	11.78	11.55	11.63	11261012	131170312.00
2016/05/05	11.58	11.71	11.54	11.62	8606514	99841376.00
2016/05/06	11.65	11.68	11.03	11.07	15503429	175405280.00
2016/05/09	11.06	11.06	10.70	10.78	10641240	115176680.00
2016/05/10	10.79	11.15	10.73	10.91	11704297	127551176.00
2016/05/11	10.91	12.00	10.71	11.32	22419031	255520208.00
2016/05/12	11.14	11.30	10.93	11.10	14381481	159364256.00
2016/05/13	11.15	11.40	11.05	11.12	11248996	125696096.00
2016/05/16	11.12	11.19	10.94	11.11	10598679	117317288.00
2016/05/17	11.12	11.16	10.95	11.00	9512807	104873192.00
2016/05/18	10.92	10.95	10.70	10.81	10730542	115939512.00
2016/05/19	10.77	10.86	10.71	10.74	9170759	98921312.00
2016/05/20	10.71	10.80	10.64	10.79	7977735	85588656.00
2016/05/23	10.77	10.98	10.69	10.86	16419097	177476896.00
2016/05/24	10.80	10.81	10.69	10.70	7462518	80060720.00
2016/05/25	10.79	10.82	10.59	10.63	7273925	77753376.00
2016/05/26	10.60	10.70	10.42	10.58	7160293	75424008.00
2016/05/27	10.60	10.66	10.50	10.56	5783086	61077036.00
2016/05/30	10.53	10.85	10.51	10.63	12848474	137585904.00
2016/05/31	10.64	11.07	10.57	11.00	22973291	250748416.00
2016/06/01	10.98	11.37	10.92	11.03	17175946	190472448.00
2016/06/02	11.05	11.07	10.92	11.03	11668026	128103160.00
2016/06/03	11.03	11.07	10.88	11.00	13134390	144043328.00
2016/06/06	10.94	11.25	10.94	11.02	11718625	129630080.00
2016/06/07	10.99	11.05	10.92	10.96	6078279	66655736.00
2016/06/08	10.95	11.06	10.87	10.98	8933004	97731904.00
2016/06/13	10.75	10.96	10.38	10.39	16640131	177190960.00
2016/06/14	10.33	10.58	10.33	10.46	6794079	70902952.00
2016/06/15	10.24	10.68	10.24	10.59	11530288	121548280.00
2016/06/16	10.56	10.67	10.47	10.49	9911805	104577512.00
2016/06/17	10.55	10.64	10.40	10.50	8119653	85647960.00
2016/06/20	10.57	10.57	10.47	10.54	6166590	64849524.00
2016/06/21	10.58	10.70	10.42	10.47	12018985	127180432.00
2016/06/22	10.41	10.59	10.38	10.55	7085706	74241880.00
2016/06/23	10.57	10.62	10.43	10.59	9336581	98290376.00
2016/06/24	10.55	10.63	10.10	10.32	13735521	142792320.00
2016/06/27	10.13	10.45	10.13	10.43	10506837	108426384.00
2016/06/28	10.36	10.52	10.32	10.51	11019619	114857408.00
2016/06/29	10.51	11.20	10.46	10.89	34065074	372636320.00
2016/06/30	10.67	10.76	10.49	10.53	13676990	144345584.00
2016/07/01	10.53	10.61	10.48	10.48	8490820	89309448.00
2016/07/04	10.45	10.77	10.42	10.70	17883521	190340032.00
2016/07/05	10.75	11.18	10.72	10.92	29098907	319025216.00
2016/07/06	10.80	10.83	10.67	10.74	15248419	163495856.00
2016/07/07	10.75	10.79	10.66	10.75	11419281	122474104.00
2016/07/08	10.74	10.76	10.64	10.66	9920023	105966536.00
2016/07/11	10.74	10.85	10.64	10.70	13330596	143161792.00
2016/07/12	10.67	11.00	10.67	10.98	22477771	243829248.00
2016/07/13	10.98	11.25	10.96	11.06	27792190	308824768.00
2016/07/14	10.99	11.00	10.85	10.93	12588955	137328448.00
2016/07/15	11.21	11.49	10.96	10.98	26771228	298507104.00
2016/07/18	10.89	11.05	10.76	10.95	16394804	178535808.00
2016/07/19	10.91	10.96	10.78	10.92	11991572	130202688.00
2016/07/20	10.89	10.93	10.81	10.84	7220537	78412968.00
2016/07/21	10.90	10.96	10.83	10.85	10143975	110467568.00
2016/07/22	10.83	10.86	10.69	10.71	8921514	96041824.00
2016/07/25	10.72	10.79	10.68	10.71	5252915	56317892.00
2016/07/26	10.71	10.82	10.70	10.82	6134482	66110544.00
2016/07/27	10.81	10.98	10.45	10.72	17926028	192390208.00
2016/07/28	10.61	11.08	10.61	10.83	16039071	173638064.00
2016/07/29	10.80	10.98	10.74	10.85	14111579	153593104.00
2016/08/01	10.80	10.85	10.58	10.63	9382109	100161680.00
2016/08/02	10.62	10.71	10.59	10.68	8064191	85682488.00
2016/08/03	10.61	10.78	10.58	10.64	6606893	70475968.00
2016/08/04	10.62	10.66	10.56	10.60	5759437	60957060.00
2016/08/05	10.60	10.70	10.58	10.62	7400862	78790160.00
2016/08/08	10.61	10.77	10.56	10.76	9559457	102116728.00
2016/08/09	10.77	11.22	10.73	11.11	42036671	465240576.00
2016/08/10	11.05	11.20	10.99	11.11	18495672	205111472.00
2016/08/11	11.10	11.23	10.91	10.99	12816815	142401824.00
2016/08/12	10.99	11.28	10.97	11.24	15681918	174810096.00
2016/08/15	11.39	12.00	11.34	11.77	50213477	589681216.00
2016/08/16	11.71	12.20	11.69	11.72	39961750	476402272.00
2016/08/17	11.80	12.47	11.80	12.09	37960905	458992032.00
2016/08/18	12.40	12.70	11.83	12.10	51636646	633269312.00
2016/08/19	11.88	12.94	11.87	12.63	53954788	670287808.00
2016/08/22	12.52	12.62	12.20	12.36	30485998	378011296.00
2016/08/23	12.33	12.62	12.11	12.20	18430559	227293936.00
2016/08/24	12.18	12.52	12.17	12.29	18723962	231069088.00
2016/08/25	12.13	12.24	11.87	11.99	14257849	171775872.00
2016/08/26	11.96	12.17	11.82	11.83	18814262	225135376.00
2016/08/29	11.82	12.19	11.82	12.12	16386659	197613552.00
2016/08/30	12.10	12.15	11.90	11.99	10379312	124749632.00
2016/08/31	12.03	12.08	11.85	11.99	7969544	95233240.00
2016/09/01	11.94	12.08	11.82	11.88	16590956	198713360.00
2016/09/02	11.89	11.99	11.78	11.97	14066989	167136880.00
2016/09/05	12.05	12.05	11.58	11.62	24644680	290137504.00
2016/09/06	11.55	11.67	11.36	11.66	18162417	209123792.00
2016/09/07	11.69	12.14	11.65	11.87	35123904	419286080.00
2016/09/08	11.87	11.92	11.68	11.77	11226097	132177968.00
2016/09/09	11.80	11.98	11.71	11.73	14285657	169101792.00
2016/09/12	11.40	11.53	11.13	11.51	32457454	366824832.00
2016/09/13	11.42	11.44	11.28	11.40	9868318	112076064.00
2016/09/14	11.33	11.35	11.13	11.19	10128447	113771000.00
2016/09/19	11.23	11.35	11.22	11.33	8476230	95568128.00
2016/09/20	11.35	11.51	11.28	11.45	12435529	141837616.00
2016/09/21	11.45	11.50	11.35	11.38	9255171	105771392.00
2016/09/22	11.43	11.52	11.34	11.47	16529359	189406208.00
2016/09/23	11.49	11.58	11.36	11.44	12749129	146185120.00
2016/09/26	11.40	11.42	11.00	11.04	14623740	163528976.00
2016/09/27	11.03	11.14	10.90	11.12	11385949	125534472.00
2016/09/28	11.12	11.12	10.97	11.03	5525579	60902852.00
2016/09/29	11.05	11.11	11.01	11.04	5094411	56355684.00
2016/09/30	11.04	11.07	10.94	11.04	6696907	73714504.00
2016/10/10	11.08	11.28	11.08	11.26	11819707	132140952.00
2016/10/11	11.35	11.35	11.20	11.25	9473517	106632824.00
2016/10/12	11.26	11.26	11.14	11.19	6974848	78037376.00
2016/10/13	11.17	11.64	11.08	11.63	28625831	326387360.00
2016/10/14	11.65	12.16	11.50	12.09	59587464	710786944.00
2016/10/17	12.03	12.56	11.86	12.23	54542175	667493376.00
2016/10/18	12.05	13.27	11.98	13.14	74898820	957501952.00
2016/10/19	13.00	13.48	12.95	13.35	49596778	658080256.00
2016/10/20	13.20	13.55	13.10	13.40	34963821	467095488.00
2016/10/21	13.32	14.74	13.28	14.35	62718570	893243264.00
2016/10/24	14.35	14.75	14.29	14.70	50002971	729412992.00
2016/10/25	14.50	14.58	14.00	14.07	54935783	780899712.00
2016/10/26	14.08	14.31	13.82	13.96	43699437	612893248.00
2016/10/27	13.93	14.04	13.70	13.93	29304704	405114496.00
2016/10/28	13.97	13.97	13.34	13.39	32613067	444816032.00
2016/10/31	13.44	13.55	13.31	13.44	16836340	226716256.00
2016/11/01	13.52	13.62	13.40	13.54	19659255	265548048.00
2016/11/02	13.66	13.69	13.05	13.16	25530133	339805856.00
2016/11/03	13.20	14.48	13.16	14.47	86837947	1222468736.00
2016/11/04	14.30	14.70	14.01	14.06	68614181	981136576.00
2016/11/07	14.00	14.43	13.62	14.07	38369625	537744000.00
2016/11/08	14.07	14.50	13.78	13.81	39955786	563611968.00
2016/11/09	13.68	14.47	13.58	14.14	46621878	654693888.00
2016/11/10	14.50	15.55	14.50	15.12	76007774	1156066176.00
2016/11/11	14.80	16.48	14.73	15.50	84481320	1325775360.00
2016/11/14	15.40	16.30	15.40	15.93	64457671	1029165120.00
2016/11/15	16.01	16.35	15.40	15.97	50120681	793744128.00
2016/11/16	15.79	16.15	15.58	15.78	24796829	391744288.00
2016/11/17	15.55	16.14	15.55	16.00	35761858	568519744.00
2016/11/18	16.10	16.25	15.45	15.55	25831633	408826624.00
2016/11/21	15.45	16.16	15.38	15.78	38836471	615181568.00
2016/11/22	15.65	15.96	15.58	15.72	33376546	524943008.00
2016/11/23	15.79	15.81	15.01	15.31	43128295	664604672.00
2016/11/24	15.25	15.41	15.10	15.32	22229844	338805728.00
2016/11/25	15.35	15.65	14.98	15.58	40198521	616915392.00
2016/11/28	15.62	16.95	15.55	16.59	98002908	1588672000.00
2016/11/29	16.28	17.74	16.01	16.85	106740213	1790502528.00
2016/11/30	16.50	16.72	15.90	16.03	65254831	1055153024.00
2016/12/01	15.90	16.18	15.65	15.87	40106907	635121600.00
2016/12/02	15.71	16.19	15.60	15.88	44024619	702072448.00
2016/12/05	15.50	15.57	14.29	14.29	59205401	875358976.00
2016/12/06	14.20	14.53	14.20	14.35	27373970	393287520.00
2016/12/07	14.36	14.54	14.12	14.53	18882766	271313344.00
2016/12/08	14.50	14.50	14.20	14.26	16702429	238868000.00
2016/12/09	14.22	14.92	14.13	14.72	39372661	575127296.00
2016/12/12	14.60	15.05	13.95	14.68	48007989	697537664.00
2016/12/13	14.55	14.97	14.41	14.71	37597281	553543296.00
2016/12/14	14.60	14.70	13.99	14.13	39212310	556434624.00
2016/12/15	14.00	14.29	13.97	14.13	18364035	259195744.00
2016/12/16	14.05	14.27	14.01	14.19	20275329	286987936.00
2016/12/19	14.09	14.26	13.89	13.96	20791262	291836032.00
2016/12/20	13.86	14.09	13.80	13.98	14608295	203596256.00
2016/12/21	14.05	14.63	13.99	14.52	39032537	558931264.00
2016/12/22	14.39	15.25	14.36	14.99	53329004	798072896.00
2016/12/23	14.82	15.36	14.81	15.01	36492376	551794496.00
2016/12/26	14.83	16.51	14.61	16.20	63851021	1001446848.00
2016/12/27	16.27	16.46	15.82	16.02	52797804	850505792.00
2016/12/28	15.87	16.09	15.62	15.79	29641531	467510752.00
2016/12/29	15.77	16.08	15.68	15.72	31430867	498791200.00
2016/12/30	15.65	15.78	14.94	15.19	47040816	717656576.00
2017/01/03	15.13	15.39	15.13	15.29	24754117	378230304.00
2017/01/04	15.24	15.60	15.11	15.45	26223957	404372416.00
2017/01/05	15.40	15.65	15.18	15.42	23918084	367547872.00
2017/01/06	15.43	15.90	15.32	15.61	39215044	615064128.00
2017/01/09	15.41	15.79	15.19	15.75	28403778	440851264.00
2017/01/10	15.68	15.85	15.26	15.31	22185238	344991712.00
2017/01/11	15.33	15.72	15.11	15.43	30936894	476005408.00
2017/01/12	15.29	15.71	15.19	15.41	26241043	407009120.00
2017/01/13	15.32	15.64	15.07	15.43	26062443	400401088.00
2017/01/16	15.41	15.55	14.28	15.51	46775854	703456064.00
2017/01/17	15.20	15.45	15.06	15.28	13375691	204029696.00
2017/01/18	15.36	16.12	15.30	15.76	39924500	631533952.00
2017/01/19	15.60	16.18	15.45	15.95	39687889	633932672.00
2017/01/20	15.96	16.10	15.77	16.10	23319340	372766592.00
2017/01/23	16.11	16.29	15.88	16.03	23703603	380218528.00
2017/01/24	16.03	16.24	15.93	16.05	21917235	352474080.00
2017/01/25	16.00	16.15	15.83	15.90	19341160	308965856.00
2017/01/26	15.94	15.99	15.63	15.84	15355165	242528000.00
2017/02/03	15.82	16.08	15.76	15.87	13567945	216388320.00
2017/02/06	15.96	16.55	15.92	16.37	42544912	694823808.00
2017/02/07	16.28	16.45	16.18	16.39	22052155	359730688.00
2017/02/08	16.43	16.47	16.20	16.37	21029787	344347392.00
2017/02/09	16.36	17.28	16.25	16.97	54277432	917957760.00
2017/02/10	17.05	18.67	17.05	17.89	91879574	1648206080.00
2017/02/13	17.90	18.55	17.61	18.08	56672065	1023052160.00
2017/02/14	18.04	18.79	17.72	18.70	56910453	1038653248.00
2017/02/15	18.58	18.58	17.94	18.12	46577304	851556288.00
2017/02/16	18.12	18.36	17.85	18.07	36139193	653490496.00
2017/02/17	18.06	18.08	17.70	17.87	32849387	586357888.00
2017/02/20	17.80	18.35	17.73	18.12	46807105	844197824.00
2017/02/21	18.10	18.15	17.74	17.80	36992777	661384768.00
2017/02/22	17.79	18.02	17.50	17.87	39754184	706699200.00
2017/02/23	17.84	17.94	17.53	17.71	25222905	446951040.00
2017/02/24	17.63	17.93	17.52	17.92	25504732	453751040.00
2017/02/27	17.92	18.35	17.60	17.64	40094880	722348736.00
2017/02/28	17.65	18.00	17.47	17.98	37151235	657372864.00
2017/03/01	18.02	18.29	17.88	17.99	52277701	947082112.00
2017/03/02	18.06	18.14	17.66	17.70	23670843	422266528.00
2017/03/03	17.54	17.78	17.17	17.37	35944658	626230720.00
2017/03/06	17.38	17.38	16.98	17.14	32599721	557257344.00
2017/03/07	17.10	17.28	16.90	17.16	25936780	443360864.00
2017/03/08	17.10	17.44	17.09	17.30	26293087	455270432.00
2017/03/09	17.20	17.44	17.06	17.33	21245766	366872544.00
2017/03/10	17.25	17.32	17.04	17.09	15283873	262070880.00
2017/03/13	17.01	17.40	16.82	17.37	27144534	468564128.00
2017/03/14	17.37	17.63	17.28	17.39	23329961	406939232.00
2017/03/15	17.39	17.75	17.21	17.47	26215930	459276576.00
2017/03/16	17.55	17.78	17.32	17.51	32354625	564936576.00
2017/03/17	17.44	17.87	17.44	17.55	39572473	699655552.00
2017/03/20	17.65	18.18	17.57	18.02	51465390	921131456.00
2017/03/21	17.90	18.85	17.90	18.70	64611115	1197018624.00
2017/03/22	18.52	19.56	18.51	18.91	72049247	1374392704.00
2017/03/23	18.91	18.96	18.38	18.88	45195843	843596672.00
2017/03/24	18.86	19.68	18.50	18.89	78284411	1489745536.00
2017/03/27	18.73	18.97	18.23	18.24	59098461	1092773376.00
2017/03/28	18.25	18.38	18.00	18.11	34644623	629087296.00
2017/03/29	18.13	18.46	18.06	18.19	34554974	631833664.00
2017/03/30	18.15	18.36	17.73	18.02	36290902	652797120.00
2017/03/31	17.89	18.06	17.73	17.91	18197584	325478656.00
2017/04/05	18.44	18.97	18.32	18.66	88774561	1651088128.00
2017/04/06	18.60	19.65	18.50	19.19	74875122	1432408320.00
2017/04/07	19.01	19.26	18.76	19.01	37358816	709933248.00
2017/04/10	19.17	19.45	18.68	18.76	47951618	911447424.00
2017/04/11	18.75	19.01	18.29	18.89	59426045	1106983296.00
2017/04/12	18.78	18.78	18.30	18.43	30321136	561120768.00
2017/04/13	18.32	18.45	18.22	18.26	21936294	401772640.00
2017/04/14	18.30	18.48	17.98	18.01	30455518	554484864.00
2017/04/17	17.98	18.37	17.82	18.33	32029772	582359168.00
2017/04/18	18.35	18.78	18.23	18.51	35656879	661831936.00
2017/04/19	18.51	18.62	18.06	18.53	33422421	614916544.00
2017/04/20	18.47	19.17	18.39	19.15	58970321	1113829760.00
2017/04/21	19.15	19.30	18.57	18.97	48496417	917329280.00
2017/04/24	18.80	18.80	17.07	17.41	76968755	1357729664.00
2017/04/25	17.10	17.26	16.44	17.00	38408995	649484352.00
2017/04/26	17.00	17.18	16.55	16.64	34400701	577902656.00
2017/04/27	16.50	17.20	16.02	17.16	47296721	791607424.00
2017/04/28	17.10	17.43	16.98	17.33	29672947	510628896.00
2017/05/02	17.32	17.86	17.28	17.48	29894118	526048704.00
2017/05/03	17.43	17.72	17.21	17.29	22516794	392858304.00
2017/05/04	17.25	18.12	16.82	17.56	40194360	703276416.00
2017/05/05	17.39	17.74	17.23	17.59	29248371	512566272.00
2017/05/08	17.54	17.73	16.31	17.26	69636403	1180864128.00
2017/05/09	16.89	17.10	16.61	16.83	24540679	413504640.00
2017/05/10	16.83	17.26	16.42	16.57	34135050	574042240.00
2017/05/11	16.30	16.90	16.18	16.79	31189425	517699232.00
2017/05/12	16.71	16.95	16.59	16.65	23059110	386000032.00
2017/05/15	16.91	16.91	16.05	16.17	34247327	560690304.00
2017/05/16	16.09	16.09	15.20	15.95	46490173	722843648.00
2017/05/17	15.79	16.20	15.70	15.83	29079343	463159648.00
2017/05/18	15.66	15.80	15.29	15.41	28871366	447253760.00
2017/05/19	15.39	15.48	14.92	14.94	28838760	435465824.00
2017/05/22	14.89	14.89	14.42	14.84	28078782	411374272.00
2017/05/23	14.71	15.08	14.62	15.06	30290444	451836672.00
2017/05/24	14.97	15.09	14.75	15.07	17464334	260726400.00
2017/05/25	15.07	15.40	14.86	15.28	26515411	402466240.00
2017/05/26	15.26	15.65	15.20	15.42	23835954	369176832.00
2017/05/31	15.59	15.67	15.31	15.64	22225257	345091744.00
2017/06/01	15.60	15.88	15.50	15.83	28268584	444853056.00
2017/06/02	15.85	15.85	15.39	15.60	19129265	299328864.00
2017/06/05	15.50	15.67	15.42	15.55	9278110	144105120.00
2017/06/06	15.52	15.67	15.43	15.61	11448750	178185712.00
2017/06/07	15.61	15.89	15.51	15.82	26661792	419270496.00
2017/06/08	15.78	15.94	15.71	15.85	15420302	244096656.00
2017/06/09	15.83	16.30	15.73	16.19	26207651	423227648.00
2017/06/12	16.10	16.25	15.88	16.00	14625831	234076480.00
2017/06/13	15.91	15.95	15.64	15.82	17106350	269480032.00
2017/06/14	15.86	15.94	15.64	15.65	12715310	200680288.00
2017/06/15	15.66	15.77	15.59	15.73	10127772	158809504.00
2017/06/16	15.73	15.76	15.48	15.48	12119447	188672736.00
2017/06/19	15.49	15.66	15.49	15.60	9945943	154920128.00
2017/06/20	15.64	15.66	15.43	15.44	11678214	181088720.00
2017/06/21	15.44	15.63	15.44	15.55	11031562	171243424.00
2017/06/22	15.50	15.86	15.45	15.61	26000807	406947872.00
2017/06/23	15.50	15.56	14.98	15.29	23944501	365107328.00
2017/06/26	15.24	15.50	15.09	15.18	33030941	502248352.00
2017/06/27	15.21	15.89	15.11	15.86	45311091	703785472.00
2017/06/28	15.80	16.33	15.72	16.13	53978328	867400512.00
2017/06/29	16.02	16.25	15.94	16.13	23821708	382592896.00
2017/06/30	15.88	16.05	15.81	15.89	15745014	250181168.00
2017/07/03	15.85	15.99	15.68	15.92	14568400	230654480.00
2017/07/04	15.90	15.94	15.56	15.58	17038475	267442880.00
2017/07/05	15.51	15.96	15.40	15.94	20740162	326140928.00
2017/07/06	15.91	16.03	15.66	15.78	16476459	261023712.00
2017/07/07	15.72	15.91	15.68	15.79	11784785	186187440.00
2017/07/10	15.78	16.57	15.66	16.55	55054885	892534848.00
2017/07/11	16.58	16.63	16.25	16.37	29677360	486971648.00
2017/07/12	16.37	16.85	16.23	16.50	34341342	569891008.00
2017/07/13	16.43	17.05	16.43	16.70	45633263	769663296.00
2017/07/14	16.70	17.10	16.70	16.98	26723526	453290720.00
2017/07/17	17.03	17.24	16.45	16.49	39267836	660713024.00
2017/07/18	16.35	17.28	16.33	17.25	44158122	748547584.00
2017/07/19	17.25	17.89	17.20	17.34	68259248	1196652544.00
2017/07/20	17.32	17.80	17.24	17.30	33919200	591789312.00
2017/07/21	17.32	17.64	17.22	17.31	31121320	542776960.00
2017/07/24	17.18	17.52	16.92	17.00	31852533	546750784.00
2017/07/25	17.00	17.11	16.37	16.57	42609907	707389120.00
2017/07/26	16.57	16.72	16.41	16.54	20672454	342104288.00
2017/07/27	16.50	16.53	16.08	16.34	28457110	463195712.00
2017/07/28	16.25	16.50	16.23	16.45	22204236	364237088.00
2017/07/31	16.36	16.67	16.32	16.50	23698371	390939872.00
2017/08/01	16.53	16.71	16.46	16.55	22901443	379684960.00
2017/08/02	16.50	16.57	15.73	15.76	52148774	836423680.00
2017/08/03	15.70	15.83	15.40	15.45	38448980	596274560.00
2017/08/04	15.47	15.58	15.36	15.49	20593498	318936992.00
2017/08/07	15.49	15.68	15.30	15.60	17616529	273338944.00
2017/08/08	15.61	15.73	15.50	15.55	17308631	269647136.00
2017/08/09	15.58	15.62	15.42	15.54	13518931	209642720.00
2017/08/10	15.50	15.64	15.41	15.59	16600625	258069536.00
2017/08/11	15.50	15.60	15.17	15.18	17878544	274548992.00
2017/08/14	15.19	15.56	15.19	15.52	20807869	320361216.00
2017/08/15	15.45	15.52	15.37	15.43	11752526	181329072.00
2017/08/16	15.49	15.52	15.22	15.43	14493244	222408640.00
2017/08/17	15.60	16.46	15.60	16.33	67368923	1083518848.00
2017/08/18	16.19	16.34	15.95	16.12	38802851	625207040.00
2017/08/21	16.20	16.26	15.95	16.06	25231649	404685376.00
2017/08/22	16.02	16.16	15.91	15.93	22196737	355202432.00
2017/08/23	15.88	16.09	15.78	15.94	17240016	274311008.00
2017/08/24	15.91	16.00	15.57	15.59	17566150	276477664.00
2017/08/25	15.56	16.12	15.52	16.02	28784441	458036256.00
2017/08/28	16.01	16.37	15.95	16.23	36535655	592852736.00
2017/08/29	16.24	16.34	16.15	16.21	12900950	209237200.00
2017/08/30	16.16	16.26	15.90	16.22	28180060	452967296.00
2017/08/31	16.20	16.30	15.97	16.03	14606678	235057136.00
2017/09/01	16.03	16.14	15.77	15.78	20798025	330572480.00
2017/09/04	15.84	15.85	15.68	15.75	17462145	274774272.00
2017/09/05	15.74	15.82	15.69	15.73	10785606	169730576.00
2017/09/06	15.70	16.48	15.59	16.03	75930819	1227016448.00
2017/09/07	16.00	16.15	15.82	15.84	25962150	414378784.00
2017/09/08	15.88	15.93	15.65	15.69	18797054	296195136.00
2017/09/11	15.74	15.81	15.60	15.64	26953293	422272832.00
2017/09/12	15.70	15.71	15.54	15.64	21098260	329114112.00
2017/09/13	15.65	15.81	15.58	15.72	18066516	283302208.00
2017/09/14	15.68	15.82	15.54	15.58	17339067	271387584.00
2017/09/15	15.66	15.84	15.62	15.68	24064144	378496320.00
2017/09/18	15.71	16.14	15.71	15.89	35603944	569444416.00
2017/09/19	15.90	15.97	15.76	15.81	18073286	286784800.00
2017/09/20	15.81	15.86	15.65	15.67	17471594	274649824.00
2017/09/21	15.67	15.94	15.65	15.74	14805942	233594832.00
2017/09/22	15.71	15.75	15.48	15.53	14079884	218928832.00
2017/09/25	15.51	15.80	15.44	15.61	17836212	279315360.00
2017/09/26	15.57	15.83	15.57	15.70	13480506	212070816.00
2017/09/27	15.70	15.75	15.50	15.61	12789963	199201552.00
2017/09/28	15.60	15.62	15.25	15.29	19582302	300834496.00
2017/09/29	15.34	15.41	15.22	15.31	13709109	209889312.00
2017/10/09	15.55	15.55	15.36	15.39	11323884	174996000.00
2017/10/10	15.39	15.45	15.30	15.39	11542548	177166688.00
2017/10/11	15.41	15.41	15.24	15.27	17302776	264486784.00
2017/10/12	15.29	15.30	15.07	15.13	17067551	258667312.00
2017/10/13	15.10	15.27	15.01	15.18	15250776	230951280.00
2017/10/16	15.15	15.34	15.11	15.22	17914157	272907072.00
2017/10/17	15.20	15.30	15.10	15.22	9819810	149047040.00
2017/10/18	15.22	15.30	15.10	15.11	11053378	167983968.00
2017/10/19	15.11	15.17	14.80	14.81	14895075	221847344.00
2017/10/20	14.80	14.93	14.75	14.88	8958926	132886200.00
2017/10/23	14.87	14.94	14.76	14.88	9344728	138779232.00
2017/10/24	14.87	15.26	14.85	15.14	18993611	286968032.00
2017/10/25	15.22	15.25	15.05	15.13	14350529	217227984.00
2017/10/26	15.11	15.54	15.04	15.41	39813941	611973888.00
2017/10/27	15.40	15.48	15.27	15.29	18185775	279365568.00
2017/10/30	15.30	15.42	15.08	15.32	19588823	298828864.00
2017/10/31	15.19	15.24	15.00	15.08	14997254	226214240.00
2017/11/01	15.08	15.48	14.98	15.38	30431947	465018368.00
2017/11/02	15.36	15.40	15.10	15.35	21350799	326037632.00
2017/11/03	15.26	15.31	14.95	15.26	21978837	332537952.00
2017/11/06	15.11	15.17	14.99	15.05	14396902	216760736.00
2017/11/07	15.08	15.12	14.94	14.99	17791582	266992592.00
2017/11/08	14.99	15.08	14.84	15.01	17167774	256660624.00
2017/11/09	15.03	15.07	14.88	14.92	13921523	208122304.00
2017/11/10	14.90	14.95	14.76	14.79	14697674	217725472.00
2017/11/13	14.75	14.82	14.52	14.59	20915284	305601344.00
2017/11/14	14.59	14.71	14.52	14.62	13522841	197498992.00
2017/11/15	14.59	14.64	14.50	14.58	10492876	152940768.00
2017/11/16	14.54	14.54	14.21	14.22	16742764	240355824.00
2017/11/17	14.19	14.39	13.81	14.33	39688547	558643968.00
2017/11/20	14.20	14.34	14.03	14.12	12556944	177576704.00
2017/11/21	14.12	14.50	14.10	14.22	18089012	258244368.00
2017/11/22	14.29	14.64	14.15	14.47	28681097	413883808.00
2017/11/23	14.54	14.64	13.92	14.14	23662241	339356192.00
2017/11/24	14.10	14.19	13.93	14.17	12981797	182944896.00
2017/11/27	14.13	14.45	14.11	14.19	11649092	166189600.00
2017/11/28	14.20	14.22	13.96	14.08	9790535	137633920.00
2017/11/29	14.05	14.09	13.84	13.95	11394046	158854992.00
2017/11/30	13.95	14.07	13.85	13.93	9578178	133503944.00
2017/12/01	13.93	13.98	13.82	13.94	8052802	112024840.00
2017/12/04	13.91	13.99	13.85	13.96	7987511	111210784.00
2017/12/05	13.95	14.36	13.92	14.30	30912161	438470784.00
2017/12/06	14.21	14.29	14.08	14.21	11536485	163439632.00
2017/12/07	14.13	14.28	14.07	14.19	6747085	95574256.00
2017/12/08	14.17	14.22	14.10	14.12	5731265	80999800.00
2017/12/11	14.10	14.15	13.96	14.01	10572501	148040240.00
2017/12/12	14.01	14.01	13.80	13.80	10060252	139554400.00
2017/12/13	13.84	13.84	13.71	13.75	6761032	92941648.00
2017/12/14	13.78	13.79	13.50	13.52	11013476	149491984.00
2017/12/15	13.52	13.52	13.26	13.38	11549257	154133056.00
2017/12/18	13.32	13.43	13.28	13.41	6348355	84766080.00
2017/12/19	13.39	13.48	13.34	13.43	5978736	80130264.00
2017/12/20	13.44	13.54	13.32	13.48	9465291	127073592.00
2017/12/21	13.40	13.41	13.20	13.36	7016741	93486872.00
2017/12/22	13.32	13.42	13.30	13.31	4019611	53656668.00
2017/12/25	13.32	13.44	13.28	13.33	5855540	78139632.00
2017/12/26	13.40	13.40	13.20	13.29	7890270	104735064.00
2017/12/27	13.28	13.29	12.93	12.96	12819873	167631232.00
2017/12/28	12.93	12.93	12.61	12.79	11527926	147031712.00
2017/12/29	12.76	12.87	12.76	12.80	5301382	67904536.00
2018/01/02	12.89	13.18	12.84	13.16	13809775	180732144.00
2018/01/03	13.14	13.39	13.10	13.32	13787738	183241216.00
2018/01/04	13.32	13.38	13.08	13.14	15277290	201140064.00
2018/01/05	13.13	13.68	13.13	13.50	28674596	387462144.00
2018/01/08	13.48	13.62	13.33	13.52	18010615	243319728.00
2018/01/09	13.50	13.68	13.42	13.47	10636054	143780688.00
2018/01/10	13.45	13.63	13.35	13.48	14296484	192598736.00
2018/01/11	13.39	13.51	13.35	13.39	8512883	114146640.00
2018/01/12	13.42	13.42	13.24	13.27	8954383	119141312.00
2018/01/15	13.26	13.35	12.90	12.96	12884629	169231680.00
2018/01/16	12.94	13.19	12.94	13.17	11354622	148731520.00
2018/01/17	13.22	13.67	13.22	13.60	28576561	388042304.00
2018/01/18	13.53	14.81	13.50	14.48	56820718	808056704.00
2018/01/19	14.45	14.48	14.23	14.43	33411107	479851840.00
2018/01/22	14.43	14.55	14.23	14.44	24518598	352346592.00
2018/01/23	14.36	14.48	14.30	14.47	28691540	413139104.00
2018/01/24	14.45	14.74	14.15	14.35	32644644	471488192.00
2018/01/25	14.28	14.93	14.15	14.50	38014893	552465536.00
2018/01/26	14.50	14.74	14.38	14.64	34108147	497264256.00
2018/01/29	14.63	15.02	14.53	14.65	30203985	445054560.00
2018/01/30	14.65	14.67	14.18	14.19	22599159	324743392.00
2018/01/31	14.12	14.35	14.01	14.20	14684790	208312784.00
2018/02/01	14.28	14.40	14.03	14.39	24449674	348283360.00
2018/02/02	14.27	14.35	14.02	14.30	13120831	186513616.00
2018/02/05	14.11	14.79	14.06	14.78	29449928	428391616.00
2018/02/06	14.52	14.86	14.45	14.77	46957723	689398976.00
2018/02/07	14.97	15.05	14.57	14.80	46387100	689480448.00
2018/02/08	14.60	14.71	13.32	13.68	40819144	573788672.00
2018/02/09	13.13	13.25	12.31	12.83	39932627	507201600.00
2018/02/12	12.70	12.78	12.52	12.66	13146347	166292512.00
2018/02/13	12.81	12.87	12.53	12.56	14543902	184839168.00
2018/02/14	12.56	12.63	12.35	12.46	9401304	117083640.00
2018/02/22	12.55	12.75	12.54	12.70	11265633	142632208.00
2018/02/23	12.76	13.52	12.72	13.50	32736738	432958880.00
2018/02/26	13.69	14.04	13.46	14.01	25229886	346043616.00
2018/02/27	14.05	14.25	13.71	14.02	16569917	231432304.00
2018/02/28	13.90	13.99	13.63	13.78	12568511	173294304.00
2018/03/01	13.62	14.00	13.58	13.67	10469747	144226672.00
2018/03/02	13.51	13.77	13.51	13.59	7540991	102608216.00
2018/03/05	13.58	13.76	13.54	13.64	7033248	95739336.00
2018/03/06	13.71	13.86	13.56	13.86	10843268	149028832.00
2018/03/07	13.88	13.88	13.50	13.64	8645304	118109200.00
2018/03/08	13.74	13.74	13.54	13.59	6151203	83552400.00
2018/03/09	13.67	13.67	13.51	13.61	6358158	86369352.00
2018/03/12	13.68	13.83	13.55	13.79	12841814	175730848.00
2018/03/13	13.74	13.75	13.50	13.58	11941036	162303888.00
2018/03/14	13.50	13.61	13.11	13.13	17339518	230187680.00
2018/03/15	13.00	13.16	12.85	13.09	15379618	200349680.00
2018/03/16	13.02	13.09	12.89	12.94	11907908	154201536.00
2018/03/19	12.94	13.02	12.81	12.97	9458206	122139688.00
2018/03/20	12.90	12.98	12.78	12.89	12466448	160294608.00
2018/03/21	12.89	12.98	12.80	12.89	11902679	153550992.00
2018/03/22	12.81	12.90	12.68	12.87	13187389	168594304.00
2018/03/23	12.60	12.95	12.43	12.87	26191633	334316864.00
2018/03/26	12.60	12.78	12.52	12.77	8467796	107349648.00
2018/03/27	12.82	12.97	12.77	12.89	9543545	122941832.00
2018/03/28	12.76	12.89	12.64	12.79	8077830	102964984.00
2018/03/29	12.75	12.95	12.50	12.91	13146213	167516320.00
2018/03/30	12.95	12.95	12.80	12.85	8584831	110498016.00
2018/04/02	12.92	13.13	12.87	12.94	11715145	152403904.00
2018/04/03	12.88	13.23	12.82	13.18	17311598	226699264.00
2018/04/04	13.12	13.30	13.02	13.03	10647426	140437440.00
2018/04/09	13.00	13.26	12.97	13.22	11179274	147156640.00
2018/04/10	13.22	13.43	13.16	13.36	14072941	187116832.00
2018/04/11	13.41	13.42	13.22	13.29	10603255	141182704.00
2018/04/12	13.27	13.36	13.22	13.26	9593131	127662736.00
2018/04/13	13.30	13.45	13.22	13.34	10044097	134184360.00
2018/04/16	13.40	13.44	13.23	13.30	8522351	113655160.00
2018/04/17	13.31	13.38	12.93	12.96	10186314	133816032.00
2018/04/18	12.96	13.40	12.96	13.36	12131531	160424416.00
2018/04/19	13.45	13.45	13.26	13.29	8107273	108142704.00
2018/04/20	13.32	13.34	12.95	13.27	12113174	159185408.00
2018/04/23	13.09	13.35	13.01	13.15	7614385	100209424.00
2018/04/24	13.06	13.50	13.06	13.33	10791472	143882512.00
数据来源:通达信
