600958 东方证券 日线 不复权
      日期	    开盘	    最高	    最低	    收盘	    成交量	    成交额
2015/03/23	12.04	14.44	12.04	14.44	239605	3456296.25
2015/03/24	15.88	15.88	15.88	15.88	158906	2523427.25
2015/03/25	17.47	17.47	17.47	17.47	117167	2046907.50
2015/03/26	19.22	19.22	19.22	19.22	585800	11259076.00
2015/03/27	21.14	21.14	21.14	21.14	33632586	710992896.00
2015/03/30	21.09	22.98	20.33	22.17	461367092	9839962112.00
2015/03/31	22.17	23.63	22.17	22.65	336978282	7689205248.00
2015/04/01	22.70	23.47	22.40	23.35	198219954	4553018880.00
2015/04/02	23.45	25.01	23.01	24.96	217007344	5175281152.00
2015/04/03	25.03	27.46	24.53	27.46	236521050	6263204864.00
2015/04/07	28.79	30.21	27.60	30.21	217606519	6298695168.00
2015/04/08	30.30	33.23	30.21	33.23	220480363	7055832576.00
2015/04/09	34.50	36.55	31.90	32.84	282434828	9816445952.00
2015/04/10	32.70	32.86	31.11	32.55	241831676	7735108608.00
2015/04/13	32.30	32.45	30.88	31.77	164624912	5189817344.00
2015/04/14	31.21	31.63	30.31	31.32	164496631	5104906752.00
2015/04/15	30.97	31.70	29.97	30.01	126747599	3922020864.00
2015/04/16	29.35	30.60	28.95	30.26	107908959	3206386688.00
2015/04/17	30.98	33.15	30.97	31.55	188748591	6009433600.00
2015/04/20	31.60	31.60	29.68	29.83	133884197	4103339520.00
2015/04/21	29.76	32.81	29.40	32.71	225239168	7193533952.00
2015/04/22	32.60	34.56	31.80	33.86	214457261	7043258368.00
2015/04/23	33.47	34.38	32.55	32.84	162690357	5416232960.00
2015/04/24	31.80	32.48	31.00	31.52	102368213	3249565184.00
2015/04/27	32.52	33.33	31.85	32.24	114078418	3698016000.00
2015/04/28	32.54	33.47	32.14	32.96	159168710	5244000256.00
2015/04/29	32.45	32.96	31.73	32.58	98677338	3194639872.00
2015/04/30	32.62	33.80	32.35	32.47	104307549	3436266240.00
2015/05/04	32.30	32.31	31.50	32.02	71648302	2282226688.00
2015/05/05	32.00	32.90	30.44	30.72	94351688	2997582592.00
2015/05/06	30.72	31.63	29.80	30.21	85871142	2640956672.00
2015/05/07	29.80	30.61	29.58	30.26	64280479	1945233408.00
2015/05/08	30.85	31.04	29.41	30.16	87578832	2624214016.00
2015/05/11	30.14	31.49	29.80	31.46	102745385	3144549888.00
2015/05/12	31.45	32.89	30.75	31.79	128876785	4111222016.00
2015/05/13	31.31	31.98	30.80	30.93	75386620	2353707520.00
2015/05/14	31.18	31.52	30.22	30.68	63250700	1950644224.00
2015/05/15	30.25	30.43	29.57	29.73	65725705	1966924672.00
2015/05/18	29.30	31.40	29.07	30.28	81385822	2456440320.00
2015/05/19	30.50	33.31	30.33	33.31	224982061	7305580032.00
2015/05/20	34.30	35.41	32.81	34.10	215409725	7280045056.00
2015/05/21	34.00	36.88	33.66	35.78	166970656	5925664256.00
2015/05/22	36.28	39.36	35.51	39.36	215942192	8226238464.00
2015/05/25	40.00	43.30	39.36	40.36	255426627	10646008832.00
2015/05/26	39.80	41.85	38.39	40.96	179829537	7158517760.00
2015/05/27	40.75	41.18	39.60	39.93	121010251	4883979776.00
2015/05/28	39.70	41.38	35.99	36.19	174144483	6803646976.00
2015/05/29	36.45	37.69	34.68	36.17	141978397	5173902336.00
2015/06/01	35.76	39.70	35.59	38.95	133416444	5005418496.00
2015/06/02	38.95	39.19	37.58	38.59	99195848	3812100352.00
2015/06/03	38.65	38.98	37.36	37.53	82329359	3134693888.00
2015/06/04	37.18	38.97	35.10	38.42	104181067	3899437056.00
2015/06/05	40.00	40.96	38.20	38.98	127895592	5049216512.00
2015/06/08	39.50	41.20	38.23	40.97	147481137	5881497600.00
2015/06/09	40.95	41.03	38.53	39.09	108870709	4315725824.00
2015/06/10	38.40	39.05	37.85	38.30	73295794	2822493952.00
2015/06/11	38.00	38.40	37.30	37.83	66432540	2506926592.00
2015/06/12	37.95	39.85	37.95	39.22	113964136	4453708800.00
2015/06/15	40.10	40.58	38.45	39.13	94134811	3699290112.00
2015/06/16	38.57	39.70	36.90	37.50	77168853	2969017600.00
2015/06/17	37.19	37.65	35.79	37.31	66663001	2444375808.00
2015/06/18	36.88	37.15	34.00	34.35	61733632	2220241408.00
2015/06/19	33.50	35.29	32.75	32.79	66399678	2267800576.00
2015/06/23	32.51	33.99	30.01	33.61	74752976	2436780544.00
2015/06/24	33.45	33.59	32.28	33.40	73686524	2436676864.00
2015/06/25	33.43	34.00	31.63	32.12	71045333	2361610496.00
2015/06/26	31.00	32.41	28.77	28.77	80296464	2429757696.00
2015/06/29	29.87	29.94	25.89	26.21	101971732	2824547328.00
2015/06/30	26.20	28.65	24.23	28.62	98935481	2654663936.00
2015/07/01	28.05	29.22	26.00	26.21	80261375	2260632320.00
2015/07/02	27.20	27.95	24.25	25.92	83205349	2200872448.00
2015/07/03	25.41	26.75	23.51	24.30	67408013	1694862336.00
2015/07/06	26.73	26.73	24.80	26.22	145106995	3763350272.00
2015/07/07	25.30	26.58	23.60	25.67	119068851	2998560512.00
2015/07/08	23.10	24.45	23.10	23.18	132672102	3096405504.00
2015/07/09	23.18	25.50	21.15	25.50	100680992	2445928704.00
2015/07/10	25.40	28.05	24.98	28.05	117667357	3236904448.00
2015/07/13	27.40	29.71	26.95	28.32	124531611	3514284288.00
2015/07/14	27.98	28.29	26.50	26.82	87819645	2404373504.00
2015/07/15	26.12	27.28	24.20	24.86	74652122	1907168256.00
2015/07/16	24.86	25.88	24.01	25.33	50793846	1276897152.00
2015/07/17	25.60	27.15	25.33	26.65	50626094	1324528512.00
2015/07/20	26.40	26.87	25.63	25.94	55067449	1440051840.00
2015/07/21	25.40	26.79	25.06	25.98	58369105	1516173824.00
2015/07/22	25.69	26.16	25.14	25.49	41259915	1057518912.00
2015/07/23	25.51	26.70	25.51	26.61	62219192	1635624832.00
2015/07/24	26.76	27.20	25.71	25.82	67301836	1792346240.00
2015/07/27	25.00	25.34	23.24	23.24	56839874	1390375296.00
2015/07/28	22.41	25.56	20.98	25.38	128226703	3064151040.00
2015/07/29	25.11	25.27	24.26	25.09	67591165	1669051008.00
2015/07/30	24.80	25.48	23.50	23.69	40778567	1002755328.00
2015/07/31	23.25	24.14	23.21	23.98	34468463	818424896.00
2015/08/03	23.18	24.19	23.18	24.17	31139023	740554752.00
2015/08/04	24.18	24.80	23.72	24.60	34112018	831361408.00
2015/08/05	24.41	24.58	23.70	23.80	25342208	611547648.00
2015/08/06	23.12	23.62	22.97	23.00	20413374	474232512.00
2015/08/07	23.20	23.70	23.10	23.37	23122531	541498240.00
2015/08/10	23.48	25.33	23.18	24.80	62625050	1526161408.00
2015/08/11	24.48	24.96	24.26	24.36	41306345	1015353600.00
2015/08/12	23.97	24.98	23.87	24.24	34265713	836792256.00
2015/08/13	24.18	24.56	23.68	24.39	29595187	714700288.00
2015/08/14	24.50	24.99	24.39	24.74	42980338	1061136896.00
2015/08/17	24.70	24.70	23.80	24.19	29937800	722711040.00
2015/08/18	24.30	25.29	22.00	22.09	58733620	1416611456.00
2015/08/19	21.50	22.49	21.00	22.29	37445234	817147776.00
2015/08/20	22.17	22.18	21.25	21.30	24319988	528521024.00
2015/08/21	21.00	21.50	19.80	19.90	28912683	594587584.00
2015/08/24	19.11	19.13	17.91	17.91	35756191	649164800.00
2015/08/25	16.38	17.10	16.12	16.12	32735334	537909248.00
2015/08/26	16.41	17.00	14.88	15.59	46323831	751509888.00
2015/08/27	16.10	16.84	15.55	16.75	36437383	587719168.00
2015/08/28	17.01	17.80	16.52	17.76	48181842	821152000.00
2015/08/31	17.50	17.50	16.40	16.61	36988693	623587136.00
2015/09/01	16.43	17.26	15.39	16.22	36993024	606142656.00
2015/09/02	15.40	16.51	15.17	15.39	33062475	522101248.00
2015/09/07	15.78	16.29	15.51	15.80	25761471	412280800.00
2015/09/08	15.59	16.57	15.36	16.54	26168488	419312192.00
2015/09/09	16.70	17.98	16.51	17.38	51832142	889288192.00
2015/09/10	16.90	17.12	16.60	16.80	29779351	502704832.00
2015/09/11	16.78	17.05	16.55	16.79	19152430	321814176.00
2015/09/14	16.68	16.77	15.12	16.40	53216069	850893440.00
2015/09/15	15.71	16.16	14.92	15.57	22200688	345620992.00
2015/09/16	15.50	17.04	15.50	16.87	26882355	435996960.00
2015/09/17	16.54	16.96	16.02	16.08	24078852	399473824.00
2015/09/18	16.25	16.39	15.96	16.09	14219382	229535952.00
2015/09/21	16.05	16.48	15.81	16.42	15765203	255091216.00
2015/09/22	16.55	17.80	16.46	17.05	41402444	712811072.00
2015/09/23	16.38	16.84	16.26	16.34	21901489	362182656.00
2015/09/24	16.42	16.74	16.32	16.57	15319344	253133600.00
2015/09/25	16.51	16.68	15.83	16.12	15751601	255066000.00
2015/09/28	16.08	16.46	15.75	16.45	11435452	184501856.00
2015/09/29	16.10	16.80	15.85	16.28	15558837	253280880.00
2015/09/30	16.31	16.76	16.23	16.37	16649077	274903552.00
2015/10/08	17.38	17.60	16.83	16.85	31995304	547238912.00
2015/10/09	16.92	18.48	16.82	18.14	57314036	1023041792.00
2015/10/12	18.00	19.65	17.87	19.21	57209381	1077692288.00
2015/10/13	18.95	19.18	18.52	18.99	25964038	490248672.00
2015/10/14	18.80	19.35	18.51	18.63	27504462	519881504.00
2015/10/15	18.60	19.25	18.60	19.23	28628260	544927680.00
2015/10/16	19.50	20.10	19.38	19.66	41136223	810023488.00
2015/10/19	19.65	21.10	19.65	20.32	48129607	985769984.00
2015/10/20	20.18	21.34	19.97	21.29	39306771	814733248.00
2015/10/21	21.65	21.69	19.48	20.53	53279991	1098353280.00
2015/10/22	20.20	20.74	19.70	20.58	26918464	545250368.00
2015/10/23	20.64	20.85	19.59	20.57	40804197	824348672.00
2015/10/26	21.26	22.16	21.00	21.06	44262140	951371328.00
2015/10/27	21.28	21.37	20.06	21.18	29546759	615024960.00
2015/10/28	20.96	21.78	20.60	20.67	23922117	505498944.00
2015/10/29	20.80	21.00	20.21	20.29	21785064	446373536.00
2015/10/30	20.35	21.50	19.91	20.75	41395669	860130112.00
2015/11/02	20.01	20.61	19.68	19.75	30316736	610401472.00
2015/11/03	19.78	20.06	19.48	19.64	20584853	406347168.00
2015/11/04	19.72	21.49	19.62	21.49	63855686	1346848000.00
2015/11/05	22.60	23.64	22.55	23.64	152055195	3566537728.00
2015/11/06	23.40	26.00	22.92	26.00	143692174	3533124864.00
2015/11/09	26.40	28.05	25.70	25.99	135800947	3642716160.00
2015/11/10	25.45	28.05	25.21	26.51	109043816	2902685952.00
2015/11/11	25.85	27.96	25.31	27.00	86424939	2276816384.00
2015/11/12	26.90	27.30	25.81	26.21	68406794	1814253056.00
2015/11/13	25.78	27.59	25.70	26.70	82539685	2202731776.00
2015/11/16	25.90	26.43	25.50	26.29	54229559	1409667072.00
2015/11/17	26.72	28.92	26.53	27.19	156005683	4395289600.00
2015/11/18	26.70	27.25	24.61	25.23	89938926	2340952064.00
2015/11/19	25.23	25.76	24.81	25.71	50804029	1278518784.00
2015/11/20	25.59	25.59	25.03	25.19	34991041	882477056.00
2015/11/23	25.19	26.00	24.81	24.98	37274225	945554688.00
2015/11/24	24.85	25.87	24.60	25.50	39026586	985806400.00
2015/11/25	25.15	25.59	24.79	25.49	43838699	1102334336.00
2015/11/26	25.91	26.49	25.10	25.19	49680364	1285622656.00
2015/11/27	24.60	24.78	22.67	22.67	68075359	1606230272.00
2015/11/30	22.20	23.42	21.30	22.61	51673340	1151367936.00
2015/12/01	22.32	22.46	21.78	22.29	30490291	674701056.00
2015/12/02	22.35	24.00	22.07	23.55	62403485	1436216576.00
2015/12/03	23.27	24.10	23.02	23.62	46343450	1094255744.00
2015/12/04	23.13	23.48	22.82	22.93	30161339	695831808.00
2015/12/07	22.95	22.96	22.28	22.56	20317667	458092384.00
2015/12/08	22.29	22.80	22.00	22.08	23018202	515208736.00
2015/12/09	22.06	22.79	21.91	22.32	23782400	533720608.00
2015/12/10	22.56	23.89	22.38	22.56	46116157	1069355776.00
2015/12/11	22.00	23.45	21.91	22.79	35121664	795120000.00
2015/12/14	22.48	25.07	22.40	25.07	78308384	1883895936.00
2015/12/15	25.00	25.40	24.51	24.67	66480854	1653701888.00
2015/12/16	24.72	25.35	24.41	24.59	37500615	931369856.00
2015/12/17	25.05	26.83	24.70	25.52	72619275	1866183552.00
2015/12/18	25.10	25.70	24.84	25.04	41711601	1047396800.00
2015/12/21	25.30	26.01	25.06	25.35	43515411	1109860352.00
2015/12/22	25.41	25.70	24.93	25.48	31085877	787605760.00
2015/12/23	25.70	26.81	25.41	25.72	77191685	2012994560.00
2015/12/24	25.45	25.45	23.90	24.19	53491777	1311618944.00
2015/12/25	24.10	24.56	24.03	24.42	20493576	498049664.00
2015/12/28	24.77	24.86	23.50	23.59	33100319	798193472.00
2015/12/29	23.61	23.92	23.50	23.76	21090526	499807456.00
2015/12/30	23.80	23.95	23.21	23.51	26421606	622088000.00
2015/12/31	23.55	23.77	23.25	23.29	18604583	436853152.00
2016/01/04	23.17	23.19	20.97	20.98	24291712	535127200.00
2016/01/05	20.03	21.38	19.51	20.59	33797169	691588416.00
2016/01/06	20.60	21.00	20.20	20.90	27561873	569643136.00
2016/01/07	20.51	20.58	18.81	18.86	5948019	117318112.00
2016/01/08	19.50	20.50	18.03	19.54	40775544	797497472.00
2016/01/11	18.96	19.38	18.12	18.23	32619922	614108096.00
2016/01/12	18.48	19.10	18.35	18.68	27198714	510913984.00
2016/01/13	18.99	19.20	18.43	18.50	28131777	530843392.00
2016/01/14	17.96	19.10	17.81	19.07	22219677	416041376.00
2016/01/15	18.94	19.05	18.18	18.26	22526390	418614144.00
2016/01/18	17.90	18.53	17.80	18.19	19540369	356763200.00
2016/01/19	18.16	18.99	18.16	18.93	28976051	541861952.00
2016/01/20	18.80	19.18	18.62	18.71	21047071	396825248.00
2016/01/21	18.41	18.93	17.86	17.90	18861587	347237568.00
2016/01/22	18.11	18.33	17.75	18.17	14688999	265265744.00
2016/01/25	18.37	18.49	18.10	18.26	10851822	198727312.00
2016/01/26	18.00	18.13	16.43	16.43	20159952	351007872.00
2016/01/27	16.49	16.69	15.62	16.07	22464257	364044384.00
2016/01/28	16.08	17.68	16.08	16.53	35465954	597872576.00
2016/01/29	16.80	18.18	16.71	18.18	38183481	681855616.00
2016/02/01	18.50	18.99	18.20	18.72	63117551	1177561728.00
2016/02/02	18.44	19.28	18.39	19.09	55326933	1041424448.00
2016/02/03	18.55	18.69	18.03	18.51	36093260	664615104.00
2016/02/04	18.86	18.88	18.36	18.54	38527792	717580544.00
2016/02/05	18.18	18.33	17.76	17.82	35477340	639838336.00
2016/02/15	16.87	17.35	16.66	17.19	25061416	425872512.00
2016/02/16	17.51	18.32	17.38	18.12	37723916	678911616.00
2016/02/17	18.00	18.13	17.74	18.06	28187065	506138464.00
2016/02/18	18.21	18.57	17.91	17.94	33088669	605393152.00
2016/02/19	17.69	18.05	17.61	17.85	20726994	368608960.00
2016/02/22	18.20	19.64	18.00	19.64	54886118	1043954240.00
2016/02/23	20.00	20.00	19.00	19.49	57040862	1106537216.00
2016/02/24	19.20	19.55	18.71	19.51	46436501	889024384.00
2016/02/25	19.30	19.38	17.56	17.77	47766306	880885184.00
2016/02/26	17.80	18.43	17.50	18.27	34154746	614679168.00
2016/02/29	17.98	17.98	16.50	17.27	34043569	581405824.00
2016/03/01	17.33	19.00	17.16	18.64	53372905	969506432.00
2016/03/02	18.60	20.20	18.41	19.72	75456660	1452218880.00
2016/03/03	19.40	19.98	19.30	19.41	49194704	962708800.00
2016/03/04	19.33	20.45	19.22	20.00	79732297	1584951424.00
2016/03/07	20.18	20.49	19.70	20.08	70117439	1410805760.00
2016/03/08	19.91	19.92	18.66	19.81	52514419	1012182464.00
2016/03/09	19.13	19.76	18.94	19.37	37136347	716473344.00
2016/03/10	19.20	19.49	18.51	18.54	28395104	538602304.00
2016/03/11	18.13	19.15	18.05	18.92	31286922	583154432.00
2016/03/14	19.30	20.15	19.02	19.51	48416284	950094720.00
2016/03/15	19.37	19.50	18.95	19.22	28194082	541295232.00
2016/03/16	19.28	19.49	19.10	19.15	33419280	643952128.00
2016/03/17	19.30	20.10	19.17	19.86	52083456	1024812544.00
2016/03/18	19.80	21.12	19.70	20.72	82359577	1686766464.00
2016/03/21	21.69	22.79	21.00	22.79	140497794	3149773056.00
2016/03/22	22.00	22.48	21.67	21.74	87359851	1923607168.00
2016/03/23	21.25	22.01	20.83	21.76	123053164	2629734144.00
2016/03/24	21.10	21.40	20.63	20.65	75192258	1575313152.00
2016/03/25	20.56	20.98	20.32	20.80	58676650	1213100416.00
2016/03/28	20.70	20.93	20.10	20.25	64119340	1317796864.00
2016/03/29	20.26	20.44	19.78	19.96	62816733	1262164608.00
2016/03/30	20.16	20.54	20.07	20.45	73861769	1503145472.00
2016/03/31	20.50	20.82	20.09	20.31	84910765	1736998784.00
2016/04/01	20.20	20.34	19.55	19.89	54873836	1091788160.00
2016/04/05	19.89	20.40	19.77	20.24	69256731	1397473920.00
2016/04/06	20.12	20.25	19.78	20.00	51945267	1039807808.00
2016/04/07	20.08	20.15	19.25	19.28	61007742	1196772480.00
2016/04/08	18.90	18.91	18.06	18.71	84214929	1559099648.00
2016/04/11	19.50	19.81	19.24	19.26	83372352	1629680768.00
2016/04/12	19.04	19.21	18.64	18.91	39695115	749174144.00
2016/04/13	19.00	19.90	19.00	19.49	87612710	1717557120.00
2016/04/14	19.50	19.57	19.20	19.45	45141082	874492288.00
2016/04/15	19.51	19.57	19.24	19.40	30233251	585561792.00
2016/04/18	19.20	19.20	18.78	19.03	34049562	644666624.00
2016/04/19	19.13	19.20	18.86	19.10	28057070	533123552.00
2016/04/20	19.18	19.61	18.20	18.94	78340119	1486345216.00
2016/04/21	18.59	18.89	18.40	18.46	36860908	686164928.00
2016/04/22	18.32	18.59	18.32	18.56	26490647	489617696.00
2016/04/25	18.45	18.50	18.07	18.22	27805974	505702304.00
2016/04/26	18.22	18.46	18.12	18.33	21382018	391022144.00
2016/04/27	18.38	18.40	18.08	18.16	34076304	620984128.00
2016/04/28	18.16	18.23	17.77	17.99	37395690	671800960.00
2016/04/29	17.91	18.18	17.83	18.07	27473014	495127296.00
2016/05/03	18.12	18.57	17.86	18.47	46646491	854589760.00
2016/05/04	18.36	18.42	18.05	18.20	36963889	673902784.00
2016/05/05	18.10	18.22	18.01	18.19	23878332	432698784.00
2016/05/06	18.24	18.32	17.60	17.64	44023304	791067840.00
2016/05/09	17.40	17.42	16.90	17.01	35340662	604293440.00
2016/05/10	16.99	17.16	16.93	17.01	19642499	334390400.00
2016/05/11	17.10	17.15	16.80	16.88	18842090	318860768.00
2016/05/12	16.86	16.96	16.55	16.91	18210998	305623232.00
2016/05/13	16.84	17.07	16.74	16.78	14640377	246709680.00
2016/05/16	16.78	16.90	16.69	16.87	15041379	252725888.00
2016/05/17	16.88	17.20	16.83	16.90	23956568	406842144.00
2016/05/18	16.79	16.90	16.50	16.73	25700801	428155712.00
2016/05/19	16.77	16.89	16.65	16.68	16102631	269865632.00
2016/05/20	16.61	16.98	16.52	16.96	22309558	373361344.00
2016/05/23	17.00	17.31	16.90	17.07	30128592	515745056.00
2016/05/24	17.08	17.08	16.58	16.61	22091198	368807104.00
2016/05/25	16.71	16.93	16.61	16.63	19014452	318738432.00
2016/05/26	16.63	16.75	16.42	16.71	20040855	332167936.00
2016/05/27	16.70	16.71	16.53	16.57	14629303	242815664.00
2016/05/30	16.58	16.68	16.41	16.58	12357022	204598288.00
2016/05/31	16.58	17.82	16.58	17.71	80728994	1412800896.00
2016/06/01	17.68	17.78	17.34	17.36	50014196	875926784.00
2016/06/02	17.30	17.45	17.15	17.35	30852229	534659456.00
2016/06/03	17.47	17.49	17.22	17.27	36857747	639302272.00
2016/06/06	17.35	17.37	17.10	17.16	18773066	323241888.00
2016/06/07	17.21	17.38	17.15	17.33	25040895	432686624.00
2016/06/08	17.32	17.80	17.21	17.62	55357671	974132992.00
2016/06/13	17.30	17.57	16.57	16.64	43126232	744042304.00
2016/06/14	16.60	16.95	16.52	16.91	28564474	479448864.00
2016/06/15	16.62	17.54	16.54	17.30	30675982	526416288.00
2016/06/16	17.28	17.45	17.17	17.24	22422020	388202112.00
2016/06/17	16.95	17.26	16.80	16.89	21628504	367805408.00
2016/06/20	16.86	16.96	16.53	16.67	21229453	353447584.00
2016/06/21	16.80	17.50	16.62	16.74	36884430	629831616.00
2016/06/22	16.60	16.96	16.51	16.90	20524174	343805120.00
2016/06/23	16.87	16.88	16.60	16.71	16481114	275868768.00
2016/06/24	16.72	16.95	16.08	16.45	32494195	536392480.00
2016/06/27	16.25	16.72	16.25	16.70	20461189	339752352.00
2016/06/28	16.67	17.14	16.53	16.83	34359162	575339136.00
2016/06/29	16.88	17.08	16.72	16.75	34577400	583711104.00
2016/06/30	16.83	17.00	16.69	16.81	31073074	522129312.00
2016/07/01	16.88	16.95	16.68	16.71	22495073	377850784.00
2016/07/04	16.58	17.26	16.55	17.04	59440705	1012075776.00
2016/07/05	17.02	17.17	16.96	17.05	37273152	636401664.00
2016/07/06	17.07	17.17	16.92	17.11	28963187	493564096.00
2016/07/07	17.15	18.20	17.07	17.74	82230467	1440411392.00
2016/07/08	17.57	17.73	17.36	17.49	49921258	874377536.00
2016/07/11	17.36	17.67	17.25	17.28	46612569	812763648.00
2016/07/12	17.32	17.71	17.12	17.62	55280472	967453568.00
2016/07/13	17.70	18.08	17.51	17.63	58401196	1038189504.00
2016/07/14	17.55	17.60	17.40	17.52	28356096	495882688.00
2016/07/15	17.65	17.68	17.30	17.37	25709480	447867136.00
2016/07/18	17.30	17.30	17.04	17.16	25981457	445652640.00
2016/07/19	17.17	17.34	17.10	17.32	26669364	459654656.00
2016/07/20	17.36	17.38	17.18	17.21	17634448	304794976.00
2016/07/21	17.21	17.54	17.20	17.29	28781343	500355776.00
2016/07/22	17.28	17.29	17.08	17.11	25088057	430001056.00
2016/07/25	17.15	17.17	17.05	17.10	13447643	230115536.00
2016/07/26	17.11	17.30	17.08	17.24	23161332	398195680.00
2016/07/27	17.21	17.23	16.26	16.83	49814826	832470784.00
2016/07/28	16.65	16.68	16.32	16.50	21055159	347330464.00
2016/07/29	16.48	16.56	16.41	16.47	16451040	270906432.00
2016/08/01	16.45	16.52	16.06	16.23	21823325	353890176.00
2016/08/02	16.31	16.34	16.21	16.31	10330009	167981184.00
2016/08/03	16.38	16.39	16.24	16.28	10289532	167670784.00
2016/08/04	16.35	16.37	16.21	16.34	10226753	166698176.00
2016/08/05	16.36	16.50	16.27	16.35	13538997	221772624.00
2016/08/08	16.35	16.44	16.24	16.43	10023231	163947760.00
2016/08/09	16.40	16.54	16.36	16.53	13107527	215777408.00
2016/08/10	16.53	16.59	16.40	16.41	15041889	247832288.00
2016/08/11	16.41	16.65	16.36	16.39	20534459	339066304.00
2016/08/12	16.29	16.65	16.25	16.59	25567119	420107296.00
2016/08/15	16.60	17.88	16.58	17.32	85940837	1484904448.00
2016/08/16	17.18	17.35	17.04	17.08	36543205	626404032.00
2016/08/17	17.18	17.26	16.88	17.00	32337314	551151616.00
2016/08/18	16.92	17.08	16.82	16.90	18163406	307842368.00
2016/08/19	16.90	16.99	16.84	16.93	13737385	232350144.00
2016/08/22	16.90	16.98	16.63	16.68	16543390	277379168.00
2016/08/23	16.65	16.79	16.58	16.69	13504698	225242416.00
2016/08/24	16.71	16.75	16.50	16.59	14212788	236440304.00
2016/08/25	16.55	16.72	16.46	16.63	16577035	274877344.00
2016/08/26	16.66	16.72	16.60	16.61	9266893	154353568.00
2016/08/29	16.63	16.64	16.52	16.59	8644251	143320992.00
2016/08/30	16.60	16.76	16.53	16.62	12391642	206059440.00
2016/08/31	16.62	16.74	16.55	16.68	11883216	197765216.00
2016/09/01	16.65	16.70	16.48	16.53	15176612	251476688.00
2016/09/02	16.48	16.69	16.46	16.62	16007359	265539120.00
2016/09/05	16.63	16.79	16.56	16.57	13041250	217269008.00
2016/09/06	16.58	16.70	16.44	16.65	11067415	183189040.00
2016/09/07	16.63	16.70	16.56	16.59	10898767	181260240.00
2016/09/08	16.58	16.66	16.52	16.61	9019607	149582544.00
2016/09/09	16.65	16.65	16.49	16.58	16864978	279572960.00
2016/09/12	16.40	16.51	16.20	16.49	26371239	430703968.00
2016/09/13	16.44	16.48	16.22	16.38	12585838	205427216.00
2016/09/14	16.26	16.34	16.19	16.26	8634627	140341792.00
2016/09/19	16.26	16.31	16.22	16.27	7521019	122245968.00
2016/09/20	16.32	16.32	16.22	16.24	4757986	77294544.00
2016/09/21	16.23	16.39	16.20	16.29	8596453	139990720.00
2016/09/22	16.40	16.41	16.26	16.27	8849663	144321968.00
2016/09/23	16.28	16.30	16.13	16.14	10289574	166541328.00
2016/09/26	16.15	16.15	15.75	15.77	15695312	250016608.00
2016/09/27	15.79	15.86	15.75	15.84	9279950	146662592.00
2016/09/28	15.83	15.83	15.70	15.72	6698928	105514920.00
2016/09/29	15.72	15.93	15.72	15.77	12302454	194693376.00
2016/09/30	15.72	15.86	15.72	15.83	7464525	117996400.00
2016/10/10	15.91	15.97	15.83	15.96	13259825	211104784.00
2016/10/11	15.96	16.02	15.92	15.98	11029806	176119600.00
2016/10/12	15.96	15.98	15.86	15.90	8778051	139623344.00
2016/10/13	15.88	15.99	15.88	15.93	11456706	182538112.00
2016/10/14	16.01	16.10	15.94	16.02	14564016	233098464.00
2016/10/17	16.01	16.16	15.88	15.94	15730077	252492800.00
2016/10/18	15.90	16.17	15.90	16.16	26043549	418789920.00
2016/10/19	16.17	16.18	15.94	15.98	15349085	246306608.00
2016/10/20	16.00	16.06	15.92	15.94	10029157	160153920.00
2016/10/21	15.96	16.13	15.90	15.95	18645172	298116416.00
2016/10/24	15.96	16.38	15.86	16.17	39550891	639056256.00
2016/10/25	16.16	16.16	16.03	16.07	18291277	293956736.00
2016/10/26	16.10	16.15	15.96	15.99	17193754	275884160.00
2016/10/27	15.96	16.02	15.93	16.00	9943620	158865248.00
2016/10/28	16.03	16.42	16.01	16.02	32157203	521059968.00
2016/10/31	15.94	15.98	15.82	15.96	16481130	261837168.00
2016/11/01	15.96	16.14	15.90	16.06	19168225	307548928.00
2016/11/02	16.00	16.22	15.91	15.95	21922953	351833664.00
2016/11/03	15.95	16.38	15.89	16.18	49373554	800856064.00
2016/11/04	16.19	16.34	16.10	16.14	24580597	398343488.00
2016/11/07	16.14	16.17	16.03	16.11	16556638	266319280.00
2016/11/08	16.20	16.30	16.10	16.13	19079899	308387104.00
2016/11/09	16.17	16.17	15.85	15.95	24778062	396079456.00
2016/11/10	16.08	16.25	16.05	16.13	34027619	549745792.00
2016/11/11	16.10	16.76	16.06	16.58	81741512	1344688768.00
2016/11/14	16.45	17.06	16.41	16.67	77136387	1292881536.00
2016/11/15	16.61	16.78	16.47	16.58	30757355	510257472.00
2016/11/16	16.63	16.85	16.51	16.76	39869345	665428224.00
2016/11/17	16.76	16.76	16.44	16.66	35847563	594668032.00
2016/11/18	16.60	16.66	16.43	16.49	23330083	385707008.00
2016/11/21	16.42	16.74	16.41	16.54	30664777	508714976.00
2016/11/22	16.56	16.75	16.53	16.68	31140287	518432960.00
2016/11/23	16.71	16.79	16.48	16.53	31442872	523039616.00
2016/11/24	16.48	16.93	16.46	16.61	37621723	627386496.00
2016/11/25	16.56	16.78	16.29	16.73	31075895	513834144.00
2016/11/28	16.83	16.90	16.59	16.61	32740421	546340672.00
2016/11/29	16.58	16.80	16.43	16.70	39807695	661731520.00
2016/11/30	16.62	17.04	16.54	17.01	72408407	1216892928.00
2016/12/01	16.94	17.08	16.81	17.05	55261230	936673536.00
2016/12/02	17.00	17.00	16.58	16.77	49824601	834661440.00
2016/12/05	16.53	16.65	16.20	16.28	41713807	682338368.00
2016/12/06	16.31	16.36	16.06	16.10	24735710	401122656.00
2016/12/07	16.14	16.19	16.02	16.18	17542344	282739872.00
2016/12/08	16.20	16.20	16.01	16.08	17519372	281967232.00
2016/12/09	16.06	16.17	16.04	16.09	17633593	284022848.00
2016/12/12	16.10	16.12	15.70	15.86	42500214	673255296.00
2016/12/13	15.95	15.95	15.76	15.86	14515884	230136592.00
2016/12/14	15.87	15.89	15.52	15.55	18979873	298825888.00
2016/12/15	15.45	15.69	15.41	15.54	21379937	332312992.00
2016/12/16	15.62	15.65	15.52	15.59	12413771	193320928.00
2016/12/19	15.62	15.62	15.48	15.51	11672696	181428544.00
2016/12/20	15.63	15.63	15.47	15.57	13345458	207524368.00
2016/12/21	15.64	15.69	15.59	15.63	12827750	200558272.00
2016/12/22	15.61	15.61	15.47	15.58	10059949	156353600.00
2016/12/23	15.57	15.57	15.37	15.45	12584404	194438160.00
2016/12/26	15.36	15.55	15.27	15.54	14785294	228360320.00
2016/12/27	15.58	15.59	15.44	15.46	8028383	124438096.00
2016/12/28	15.44	15.48	15.33	15.38	9678053	148964960.00
2016/12/29	15.49	15.49	15.35	15.39	7373805	113621344.00
2016/12/30	15.49	15.55	15.39	15.53	9057679	140001072.00
2017/01/03	15.56	15.67	15.51	15.61	10229763	159789584.00
2017/01/04	15.62	15.65	15.55	15.61	8653471	135025920.00
2017/01/05	15.62	15.62	15.42	15.45	13888394	215180272.00
2017/01/06	15.45	15.46	15.26	15.27	14430820	221311984.00
2017/01/09	15.21	15.32	15.20	15.26	8685359	132520592.00
2017/01/10	15.28	15.34	15.24	15.24	8074953	123447776.00
2017/01/11	15.23	15.29	15.11	15.14	9828852	149220320.00
2017/01/12	15.11	15.19	15.05	15.06	9198402	139088624.00
2017/01/13	15.05	15.24	14.93	15.21	16003325	241733216.00
2017/01/16	15.15	15.52	14.62	15.46	48550277	735805760.00
2017/01/17	15.29	15.30	15.04	15.25	9247730	140369872.00
2017/01/18	15.18	15.31	15.12	15.18	6676094	101875624.00
2017/01/19	15.09	15.27	15.08	15.18	6330912	96160160.00
2017/01/20	15.16	15.30	15.13	15.24	6503334	99144816.00
2017/01/23	15.25	15.32	15.21	15.26	6508959	99303736.00
2017/01/24	15.29	15.31	15.15	15.17	4757101	72266840.00
2017/01/25	15.14	15.20	15.10	15.13	4961205	75087912.00
2017/01/26	15.17	15.22	15.14	15.21	5244097	79639360.00
2017/02/03	15.18	15.30	15.12	15.15	4246441	64462296.00
2017/02/14	15.50	15.75	15.36	15.41	32756516	507570176.00
2017/02/15	15.31	15.49	15.23	15.28	16268814	249526848.00
2017/02/16	15.26	15.53	15.20	15.47	19669189	303109056.00
2017/02/17	15.51	15.93	15.46	15.50	32460667	509048864.00
2017/02/20	15.43	15.60	15.33	15.60	17276641	267015376.00
2017/02/21	15.58	15.73	15.46	15.57	20197178	314544864.00
2017/02/22	15.54	15.57	15.38	15.46	16253121	251107680.00
2017/02/23	15.48	15.49	15.28	15.36	12327264	189671312.00
2017/02/24	15.34	15.41	15.31	15.36	10868800	166908704.00
2017/02/27	15.37	15.41	15.26	15.27	9911890	151980816.00
2017/02/28	15.27	15.36	15.23	15.28	8207329	125462936.00
2017/03/01	15.27	15.36	15.23	15.28	8359300	127918168.00
2017/03/02	15.32	15.55	15.30	15.31	14705100	226366688.00
2017/03/03	15.29	15.30	15.19	15.29	10367767	157993888.00
2017/03/06	15.28	15.39	15.23	15.35	8441988	129313904.00
2017/03/07	15.38	15.48	15.32	15.40	9607412	147844528.00
2017/03/08	15.40	15.44	15.33	15.39	8083385	124397168.00
2017/03/09	15.40	15.43	15.19	15.38	9958295	152356624.00
2017/03/10	15.39	15.41	15.21	15.24	9017770	137940752.00
2017/03/13	15.25	15.29	15.08	15.26	10397021	157753200.00
2017/03/14	15.27	15.30	15.18	15.22	8673752	132104400.00
2017/03/15	15.21	15.24	15.15	15.21	6814056	103562864.00
2017/03/16	15.24	15.52	15.23	15.51	29354278	453039648.00
2017/03/17	15.55	15.57	15.25	15.30	15561377	239426016.00
2017/03/20	15.22	15.29	15.08	15.15	17480336	265042816.00
2017/03/21	15.13	15.19	15.07	15.08	11623812	175587744.00
2017/03/22	14.98	15.08	14.95	14.95	11981846	179739232.00
2017/03/23	14.95	15.11	14.87	14.93	10353260	155220608.00
2017/03/24	14.92	15.15	14.89	15.06	10335661	155159472.00
2017/03/27	15.06	15.12	14.99	15.01	7952763	119629856.00
2017/03/28	15.03	15.03	14.90	14.91	6452300	96527728.00
2017/03/29	14.94	15.00	14.77	14.79	10195879	151621072.00
2017/03/30	14.78	14.86	14.66	14.72	12026970	177267488.00
2017/03/31	14.72	14.78	14.67	14.68	8098401	119154384.00
2017/04/05	14.69	14.96	14.68	14.90	12070223	179295392.00
2017/04/06	14.91	14.95	14.79	14.82	8095806	120234400.00
2017/04/07	14.85	14.94	14.80	14.87	9762750	145170128.00
2017/04/10	14.88	15.05	14.83	14.94	14360637	214475424.00
2017/04/11	14.97	15.01	14.77	14.94	11515424	171284720.00
2017/04/12	14.93	15.06	14.82	14.97	13181306	196947872.00
2017/04/13	14.91	14.92	14.81	14.84	6775582	100655824.00
2017/04/14	14.85	14.85	14.70	14.83	9240651	136437328.00
2017/04/17	14.78	14.88	14.67	14.85	10346598	152863920.00
2017/04/18	14.80	14.86	14.60	14.60	8184169	120301136.00
2017/04/19	14.59	14.59	14.27	14.53	13863843	199626320.00
2017/04/20	14.50	14.53	14.24	14.44	10330762	148373104.00
2017/04/21	14.43	14.62	14.28	14.59	11244419	162500576.00
2017/04/24	14.53	14.76	14.32	14.75	16238090	236336128.00
2017/04/25	14.65	14.73	14.60	14.62	5741958	84104736.00
2017/04/26	14.62	14.83	14.54	14.65	7765606	114086080.00
2017/04/27	14.63	14.64	14.41	14.55	8265526	119986728.00
2017/04/28	14.55	14.57	14.43	14.55	6957816	100813992.00
2017/05/02	14.55	14.56	14.38	14.39	8419438	121521672.00
2017/05/03	14.39	14.46	14.31	14.40	6529551	93876272.00
2017/05/04	14.36	14.44	14.28	14.39	8844631	127046152.00
2017/05/05	14.33	14.44	14.02	14.42	21570793	308097120.00
2017/05/08	14.33	14.55	14.13	14.52	20613512	296516032.00
2017/05/09	14.38	14.55	14.33	14.50	9860381	142514960.00
2017/05/10	14.48	14.53	14.35	14.48	13768606	198731056.00
2017/05/11	14.39	14.52	14.30	14.40	12201407	175848112.00
2017/05/12	14.33	14.59	14.33	14.37	12144312	175486336.00
2017/05/15	14.31	14.45	14.29	14.34	9378881	134921472.00
2017/05/16	14.30	14.41	14.14	14.37	10912942	155641248.00
2017/05/17	14.35	14.51	14.26	14.30	10892511	156780768.00
2017/05/18	14.24	14.28	14.11	14.12	9018481	128116952.00
2017/05/19	14.13	14.21	14.11	14.15	5323058	75314240.00
2017/05/22	14.11	14.14	13.80	13.80	10104456	141488832.00
2017/05/23	13.81	13.88	13.54	13.55	11606377	158610352.00
2017/05/24	13.44	13.58	13.36	13.49	8207041	110671064.00
2017/05/25	13.50	14.04	13.41	13.89	19853186	273365760.00
2017/05/26	13.78	14.03	13.70	13.81	9051138	125719360.00
2017/05/31	13.98	14.11	13.86	13.88	9851681	137712752.00
2017/06/01	13.87	13.95	13.82	13.86	7285208	101237936.00
2017/06/02	13.83	13.96	13.78	13.89	5697499	79073408.00
2017/06/05	13.88	13.93	13.76	13.76	6048784	83556928.00
2017/06/06	13.76	13.81	13.70	13.76	5604579	77081640.00
2017/06/07	13.78	14.00	13.75	13.94	15041909	208845840.00
2017/06/08	13.93	13.95	13.84	13.86	7514540	104351992.00
2017/06/09	13.86	13.96	13.82	13.87	7879306	109428560.00
2017/06/12	13.85	13.85	13.51	13.52	10591972	144643520.00
2017/06/13	13.50	13.69	13.47	13.65	6507937	88669992.00
2017/06/14	13.63	13.67	13.56	13.62	6442669	87728904.00
2017/06/15	13.62	13.80	13.62	13.73	8914371	122291712.00
2017/06/16	13.71	13.83	13.68	13.70	9590944	131738176.00
2017/06/19	13.70	14.03	13.69	13.89	17620749	245025472.00
2017/06/20	13.91	13.96	13.84	13.88	9879058	137226400.00
2017/06/21	14.03	14.11	13.83	13.86	10704629	149186880.00
2017/06/22	13.86	14.11	13.84	13.86	17893040	249933808.00
2017/06/23	13.83	13.85	13.70	13.78	11896019	163801280.00
2017/06/26	13.80	14.04	13.77	14.00	14742535	205460288.00
2017/06/27	14.05	14.05	13.91	13.96	9226618	128753384.00
2017/06/28	13.91	13.97	13.87	13.90	6701838	93252536.00
2017/06/29	13.90	13.97	13.89	13.93	5546894	77257904.00
2017/06/30	13.92	13.92	13.83	13.91	5432073	75331000.00
2017/07/03	13.88	13.91	13.83	13.90	6358799	88128344.00
2017/07/04	13.89	13.95	13.85	13.86	4968186	68976176.00
2017/07/05	13.88	13.95	13.84	13.93	6766449	94001896.00
2017/07/06	13.94	13.96	13.82	13.88	7082360	98364120.00
2017/07/07	13.85	14.09	13.81	14.04	15341225	214141584.00
2017/07/10	14.06	14.88	14.04	14.60	54166699	788060288.00
2017/07/11	14.61	14.90	14.49	14.51	35257266	517782624.00
2017/07/12	14.62	14.69	14.36	14.50	19161880	277755968.00
2017/07/13	14.47	14.80	14.45	14.71	21977721	321737536.00
2017/07/14	14.76	14.97	14.64	14.75	20998651	310624608.00
2017/07/17	14.74	14.83	14.13	14.15	28050022	404803232.00
2017/07/18	14.15	14.38	14.02	14.27	16672331	237064896.00
2017/07/19	14.37	15.70	14.23	15.70	123332816	1900807936.00
2017/07/20	16.15	16.45	16.05	16.32	168990440	2742905088.00
2017/07/21	16.13	16.28	15.89	15.91	80814282	1297959168.00
2017/07/24	15.90	16.31	15.90	16.16	73478274	1185516160.00
2017/07/25	16.08	16.18	15.82	16.06	43003179	687225728.00
2017/07/26	16.00	16.20	15.74	16.00	50031091	797957952.00
2017/07/27	15.97	16.37	15.72	16.16	62071717	996686528.00
2017/07/28	15.97	16.07	15.75	15.82	36018522	572536960.00
2017/07/31	15.89	16.50	15.76	16.38	82580509	1338286336.00
2017/08/01	16.37	16.89	16.20	16.34	115349909	1911256320.00
2017/08/02	16.20	16.55	15.80	16.14	78154086	1265114240.00
2017/08/03	16.05	16.25	15.90	15.95	39168359	629535168.00
2017/08/04	15.88	16.37	15.79	15.94	50054804	806000640.00
2017/08/07	15.74	15.94	15.60	15.82	44094607	694003136.00
2017/08/08	15.79	16.14	15.57	15.99	52482826	833381888.00
2017/08/09	15.90	15.90	15.63	15.73	34381625	540560448.00
2017/08/10	15.70	15.98	15.36	15.55	45091595	705297344.00
2017/08/11	15.40	15.43	14.76	14.78	47454013	719185856.00
2017/08/14	14.87	15.24	14.77	15.15	34046960	510886560.00
2017/08/15	15.08	15.22	14.90	14.96	23717700	357018944.00
2017/08/16	14.98	15.20	14.92	14.96	23247582	350156544.00
2017/08/17	14.92	15.19	14.90	15.18	29421340	443158656.00
2017/08/18	15.09	15.16	14.96	15.00	21821265	328130592.00
2017/08/21	15.06	15.18	15.00	15.16	18229456	275213728.00
2017/08/22	15.17	15.30	14.98	15.06	23686394	358464672.00
2017/08/23	15.10	15.47	14.98	15.17	32572774	495259840.00
2017/08/24	15.17	15.18	14.86	14.89	19954106	299562688.00
2017/08/25	14.90	15.32	14.89	15.25	41238913	625742144.00
2017/08/28	15.72	16.78	15.64	16.78	277137061	4621563392.00
2017/08/29	16.88	17.05	16.62	16.75	240220000	4048834560.00
2017/08/30	16.71	17.19	16.55	16.71	139617219	2356845824.00
2017/08/31	16.59	16.88	16.58	16.81	85218369	1427075200.00
2017/09/01	16.80	17.04	16.74	16.93	88744534	1496882432.00
2017/09/04	16.77	16.89	16.60	16.67	63432618	1059393920.00
2017/09/05	16.69	16.92	16.63	16.67	52167339	874256512.00
2017/09/06	16.57	16.62	16.26	16.49	52629279	865053696.00
2017/09/07	16.54	16.70	16.31	16.32	46051735	761262272.00
2017/09/08	16.34	16.42	16.18	16.36	37878053	618097664.00
2017/09/11	16.28	16.48	16.11	16.35	32459146	529956064.00
2017/09/12	16.41	16.68	16.37	16.42	65173318	1076888320.00
2017/09/13	16.45	16.57	16.29	16.54	32721780	537890880.00
2017/09/14	16.55	16.72	16.41	16.58	47385444	786669312.00
2017/09/15	16.59	16.70	16.36	16.54	41772051	692028480.00
2017/09/18	16.59	16.85	16.53	16.66	63939896	1068598016.00
2017/09/19	16.65	16.68	16.12	16.24	42791700	700416000.00
2017/09/20	16.26	16.50	16.25	16.36	29931737	489454720.00
2017/09/21	16.36	16.65	16.26	16.27	32517048	535260992.00
2017/09/22	16.20	16.41	16.02	16.34	30633109	496359424.00
2017/09/25	16.27	16.36	16.10	16.28	32037610	521116320.00
2017/09/26	16.20	16.33	16.18	16.22	15976175	259583072.00
2017/09/27	16.27	16.28	15.94	15.95	31424103	505655136.00
2017/09/28	15.98	15.98	15.76	15.83	30535944	484007744.00
2017/09/29	15.87	16.21	15.83	16.06	32665331	525348096.00
2017/10/09	16.49	16.55	16.07	16.12	28363428	461317344.00
2017/10/10	16.03	16.22	15.89	16.15	25820605	414694336.00
2017/10/11	16.10	16.26	16.01	16.12	22817422	368875456.00
2017/10/12	16.13	16.20	16.05	16.15	16378333	264058848.00
2017/10/13	16.18	16.18	16.01	16.09	18008605	289712256.00
2017/10/16	16.16	16.21	15.75	15.77	32221602	516883072.00
2017/10/17	15.77	15.86	15.55	15.60	19712875	308508224.00
2017/10/18	15.65	15.93	15.55	15.60	22344668	351475328.00
2017/10/19	15.60	15.69	15.20	15.26	26916008	413143136.00
2017/10/20	15.26	15.36	15.20	15.35	13511633	206724016.00
2017/10/23	15.40	15.40	15.27	15.36	14516120	222624848.00
2017/10/24	15.30	15.60	15.28	15.57	26703137	414163584.00
2017/10/25	15.53	15.69	15.47	15.59	16508141	257120224.00
2017/10/26	15.57	15.84	15.47	15.65	25885686	405783232.00
2017/10/27	15.60	15.74	15.55	15.59	16122307	251900336.00
2017/10/30	15.55	15.55	15.01	15.43	34485001	526164768.00
2017/10/31	15.37	15.37	15.15	15.23	17373974	264977744.00
2017/11/01	15.16	15.40	15.16	15.17	25039569	382334016.00
2017/11/02	15.16	15.65	15.13	15.35	33204157	509876928.00
2017/11/03	15.30	15.44	15.19	15.42	22842592	350108768.00
2017/11/06	15.37	15.44	15.18	15.28	16603324	253317408.00
2017/11/07	15.29	15.85	15.28	15.67	48043945	750690752.00
2017/11/08	15.55	16.51	15.55	15.98	73758842	1184705280.00
2017/11/09	15.92	16.21	15.88	16.10	32143540	516089888.00
2017/11/10	16.25	16.28	15.91	16.10	31527625	507001888.00
2017/11/13	16.19	16.38	16.03	16.09	31715437	514051488.00
2017/11/14	16.00	16.08	15.76	15.84	31590596	501262208.00
2017/11/15	15.78	16.28	15.75	15.92	38555392	618045312.00
2017/11/16	15.83	15.89	15.32	15.38	32953126	514058144.00
2017/11/17	15.30	15.76	15.22	15.73	47683555	741090560.00
2017/11/20	15.57	15.62	15.28	15.59	22347102	345828992.00
2017/11/21	15.57	16.61	15.51	16.29	76212532	1236430592.00
2017/11/22	16.24	16.47	16.07	16.24	47112335	765199104.00
2017/11/23	16.18	16.45	15.40	15.57	49023842	783575808.00
2017/11/24	15.42	15.64	15.19	15.61	37378802	576385088.00
2017/11/27	15.50	15.83	15.34	15.64	24483489	382108064.00
2017/11/28	15.52	15.73	15.42	15.65	17488911	272893792.00
2017/11/29	15.70	15.70	15.34	15.64	21722867	337222592.00
2017/11/30	15.57	15.85	15.46	15.60	21934525	343187136.00
2017/12/01	15.54	15.61	15.38	15.50	17672362	273421888.00
2017/12/04	15.42	15.48	15.08	15.35	26108449	398393792.00
2017/12/05	15.29	15.80	15.25	15.67	56506681	880253696.00
2017/12/06	15.61	15.79	15.49	15.77	17515077	273937696.00
2017/12/07	15.75	15.83	15.53	15.76	13377660	209738048.00
2017/12/08	15.70	15.81	15.61	15.62	9640932	151381616.00
2017/12/11	15.57	15.67	15.36	15.47	18008959	278770592.00
2017/12/12	15.42	15.45	15.26	15.29	10669468	163895264.00
2017/12/13	15.30	15.41	15.24	15.37	8113007	124459312.00
2017/12/14	15.37	15.40	15.07	15.11	15128066	229642464.00
2017/12/15	15.06	15.16	14.51	14.68	24261401	358054976.00
2017/12/18	14.61	14.71	14.23	14.47	15051556	217477152.00
2017/12/19	14.46	14.59	14.41	14.48	9212879	133463256.00
2017/12/20	14.48	14.48	14.06	14.43	20017721	284930912.00
2017/12/21	14.34	14.49	14.16	14.35	12648852	181553536.00
2017/12/22	14.39	14.39	14.08	14.13	16063862	228087488.00
2017/12/25	14.15	14.20	13.80	13.86	19412572	271561952.00
2017/12/26	13.89	13.96	13.81	13.94	14111526	195653440.00
2017/12/27	13.91	13.92	13.55	13.68	21896084	299303040.00
2017/12/28	13.67	13.98	13.58	13.80	17199494	237049312.00
2017/12/29	13.79	13.96	13.65	13.86	11146413	153301088.00
2018/01/02	13.91	14.08	13.81	13.99	20602551	287632672.00
2018/01/03	13.96	14.42	13.90	14.30	32534177	463539936.00
2018/01/04	14.26	14.30	14.12	14.20	13903921	197139744.00
2018/01/05	14.19	14.36	14.13	14.19	16809537	238896864.00
2018/01/08	14.15	14.62	14.12	14.35	30014949	431956512.00
2018/01/09	14.31	14.38	14.12	14.17	12711152	180744800.00
2018/01/10	14.17	14.28	13.90	13.96	16617900	233535440.00
2018/01/11	13.92	14.08	13.92	14.01	12644628	176837616.00
2018/01/12	14.02	14.14	13.93	13.97	10376316	145249952.00
2018/01/15	13.96	13.97	13.63	13.70	19473008	267962336.00
2018/01/16	13.76	14.08	13.70	14.06	12671042	175372960.00
2018/01/17	14.23	14.84	14.23	14.42	53466187	779264384.00
2018/01/18	14.38	14.63	14.19	14.38	25402382	365698976.00
2018/01/19	14.38	15.26	14.32	14.95	61778038	916741440.00
2018/01/22	14.81	15.16	14.72	14.93	28450294	423994752.00
2018/01/23	14.86	15.15	14.81	15.02	23559509	353195360.00
2018/01/24	15.03	15.42	14.87	15.34	43268692	659613760.00
2018/01/25	15.20	15.31	15.08	15.12	22860412	347007712.00
2018/01/26	14.94	15.20	14.87	14.94	21904548	328884288.00
2018/01/29	15.15	15.40	14.81	14.89	38509257	582700672.00
2018/01/30	14.81	15.06	14.69	14.83	24638255	366550144.00
2018/01/31	14.74	14.82	14.35	14.51	21600675	315402304.00
2018/02/01	14.41	14.76	14.34	14.74	31238952	455139456.00
2018/02/02	14.63	14.84	14.40	14.72	15464476	225961232.00
2018/02/05	14.49	14.85	14.43	14.82	14534198	213089488.00
2018/02/06	14.52	14.85	14.43	14.79	45612936	668871104.00
2018/02/07	14.93	15.05	14.49	14.76	25938179	382213472.00
2018/02/08	14.60	14.80	13.85	14.24	26563077	378793728.00
2018/02/09	13.80	13.94	12.98	13.67	34804030	464617280.00
2018/02/12	13.50	13.60	13.21	13.31	16359429	218913136.00
2018/02/13	13.46	13.49	13.22	13.24	11863330	158547856.00
2018/02/14	13.24	13.30	13.00	13.14	11265939	147624656.00
2018/02/22	13.23	13.34	13.03	13.14	19834622	261091424.00
2018/02/23	13.15	13.31	13.10	13.23	11500503	152106288.00
2018/02/26	13.30	13.60	13.21	13.52	18719126	251200624.00
2018/02/27	13.48	13.54	13.36	13.50	15844562	213048848.00
2018/02/28	13.36	13.78	13.25	13.42	15271703	204692192.00
2018/03/01	13.35	13.48	13.28	13.45	10553739	141593312.00
2018/03/02	13.35	13.49	13.26	13.28	9768631	130472272.00
2018/03/05	13.27	13.40	13.22	13.34	8013475	106654360.00
2018/03/06	13.36	13.59	13.36	13.54	13876258	186972800.00
2018/03/07	13.51	13.60	13.33	13.48	10200660	137515104.00
2018/03/08	13.38	13.45	13.33	13.40	7455454	99793400.00
2018/03/09	13.40	13.63	13.36	13.58	15681804	211915040.00
2018/03/12	13.59	13.75	13.50	13.68	20967848	285739424.00
2018/03/13	13.64	13.64	13.48	13.55	10402889	140923600.00
2018/03/14	13.49	13.59	13.35	13.36	9193099	123832224.00
2018/03/15	13.35	13.44	13.23	13.33	8274155	110304504.00
2018/03/16	13.39	13.41	13.25	13.29	8491309	113037016.00
2018/03/19	13.22	13.30	13.11	13.24	9649156	127483736.00
2018/03/20	13.18	13.19	13.02	13.07	8224828	107650800.00
2018/03/21	13.14	13.44	13.09	13.15	15053179	199766080.00
2018/03/22	13.12	13.30	13.11	13.13	9188873	121235576.00
2018/03/23	12.85	12.97	12.03	12.12	19496094	244683392.00
2018/03/26	12.12	12.20	11.81	12.17	12702880	152695520.00
2018/03/27	12.35	12.42	12.24	12.34	13118024	161569472.00
2018/03/28	12.21	12.41	12.15	12.20	10402109	127445984.00
2018/03/29	12.26	12.48	12.19	12.44	19058488	235940608.00
2018/03/30	12.50	12.54	12.33	12.41	13036743	161773632.00
2018/04/02	12.47	12.79	12.33	12.41	21029053	263602400.00
2018/04/03	12.30	12.54	12.16	12.36	15465769	190983920.00
2018/04/04	12.39	12.62	12.28	12.29	11269788	140405056.00
2018/04/09	12.26	12.54	12.19	12.46	13740458	170624688.00
2018/04/10	12.50	12.66	12.41	12.62	12569386	157910592.00
2018/04/11	12.65	12.66	12.50	12.54	9131313	114694048.00
2018/04/12	12.45	12.60	12.39	12.48	9865616	123260032.00
2018/04/13	12.51	12.55	12.22	12.23	10318682	127498944.00
2018/04/16	12.20	12.29	11.94	11.96	11312660	136951536.00
2018/04/17	12.00	12.22	11.95	11.96	11770064	142260592.00
2018/04/18	12.10	12.20	11.95	12.06	10795885	130085976.00
2018/04/19	12.09	12.21	12.02	12.06	10635565	128723528.00
2018/04/20	12.05	12.08	11.56	11.58	14095366	166631120.00
2018/04/23	11.61	11.89	11.60	11.87	10961512	129172512.00
2018/04/24	11.87	12.16	11.87	12.12	12609999	152403328.00
数据来源:通达信
