601985 中国核电 日线 不复权
      日期	    开盘	    最高	    最低	    收盘	    成交量	    成交额
2015/06/10	4.07	4.88	4.07	4.88	741098	3575896.25
2015/06/11	5.37	5.37	5.37	5.37	381000	2045970.00
2015/06/12	5.91	5.91	5.91	5.91	394551	2331796.50
2015/06/15	6.50	6.50	6.50	6.50	589542	3832023.00
2015/06/16	7.15	7.15	7.15	7.15	807100	5770765.00
2015/06/17	7.87	7.87	7.87	7.87	1532229	12058642.00
2015/06/18	8.66	8.66	8.66	8.66	1332448	11539000.00
2015/06/19	9.53	9.53	9.53	9.53	7689915	73284888.00
2015/06/23	10.48	10.48	10.48	10.48	13405468	140489312.00
2015/06/24	11.53	11.53	11.53	11.53	6919239	79778824.00
2015/06/25	12.68	12.68	12.68	12.68	5769394	73155912.00
2015/06/26	13.95	13.95	13.01	13.95	1616476991	22291048448.00
2015/06/29	13.70	13.95	12.56	13.23	1705666148	22663794688.00
2015/06/30	12.80	13.66	11.91	13.07	1311217241	16530763776.00
2015/07/01	12.60	14.38	12.01	13.32	1773514694	24113340416.00
2015/07/02	12.25	13.00	11.99	11.99	1059540489	13092278272.00
2015/07/03	11.25	11.85	10.79	10.79	666030627	7354151424.00
2015/07/06	11.87	11.87	9.71	10.12	1067461326	11480445952.00
2015/07/07	9.31	9.55	9.11	9.11	317142519	2924318208.00
2015/07/08	8.20	8.20	8.20	8.20	47199400	387035072.00
2015/07/09	7.38	9.02	7.38	9.02	945802971	7874380800.00
2015/07/10	9.08	9.92	9.04	9.92	361108681	3476178688.00
2015/07/13	10.68	10.91	10.30	10.91	728043096	7828808192.00
2015/07/14	11.32	11.97	10.87	11.52	1130123296	12981596160.00
2015/07/15	10.98	11.23	10.37	10.37	607443077	6471086592.00
2015/07/16	9.90	11.33	9.48	10.86	693476030	7428417536.00
2015/07/17	10.95	11.80	10.66	11.51	707499007	7989513728.00
2015/07/20	11.45	11.66	11.00	11.36	718661252	8158905344.00
2015/07/21	11.02	12.50	10.90	12.18	987526656	11764907008.00
2015/07/22	11.88	12.10	11.55	11.91	721371677	8554125824.00
2015/07/23	11.80	12.70	11.61	12.18	778419729	9507649536.00
2015/07/24	12.18	12.28	11.60	11.70	689613143	8262504448.00
2015/07/27	11.34	11.66	10.53	10.53	495968881	5514249216.00
2015/07/28	9.70	10.80	9.48	10.01	511096724	5095031296.00
2015/07/29	10.23	10.80	9.86	10.72	407695670	4182651392.00
2015/07/30	10.50	11.66	10.39	10.85	625568999	6900798976.00
2015/07/31	10.58	11.19	10.20	10.51	411278016	4358333440.00
2015/08/03	10.28	10.79	10.00	10.31	330759931	3417090304.00
2015/08/04	10.50	11.12	10.31	11.05	491393580	5286175232.00
2015/08/05	10.90	11.07	10.50	10.66	478950391	5175477760.00
2015/08/06	10.38	11.08	10.28	10.77	384543112	4120615680.00
2015/08/07	10.90	11.38	10.78	11.12	544224885	6072840704.00
2015/08/10	11.65	12.23	11.40	12.23	856848609	10186801152.00
2015/08/11	12.30	12.72	12.01	12.19	999053812	12378485760.00
2015/08/12	11.84	12.33	11.72	11.83	473603209	5660044288.00
2015/08/13	11.71	12.36	11.68	12.24	551241958	6669168128.00
2015/08/14	12.33	12.39	11.82	11.92	473290245	5719425536.00
2015/08/17	11.70	11.85	11.39	11.73	445086673	5178102272.00
2015/08/18	11.66	11.78	10.56	10.56	574343726	6348724224.00
2015/08/19	10.12	10.79	9.80	10.68	389604829	4011084032.00
2015/08/20	10.49	10.56	10.10	10.17	225515626	2331484160.00
2015/08/21	10.04	10.30	9.83	9.99	265529179	2671160576.00
2015/08/24	9.61	9.70	8.99	8.99	289760709	2645016064.00
2015/08/25	8.18	8.60	8.09	8.09	267782359	2212183296.00
2015/08/26	8.18	8.65	7.69	8.04	388174861	3184458240.00
2015/08/27	8.33	8.72	8.02	8.70	356065761	2982210816.00
2015/08/28	8.83	9.49	8.70	9.47	419855935	3802443776.00
2015/08/31	9.48	9.48	9.01	9.08	294435378	2698655232.00
2015/09/01	9.00	9.00	8.30	8.41	277603916	2377225472.00
2015/09/02	7.95	8.82	7.86	8.16	259155391	2175757312.00
2015/09/07	8.40	8.70	8.30	8.34	231738434	1969439232.00
2015/09/08	8.36	9.17	8.22	9.17	411917304	3634851840.00
2015/09/09	9.28	9.57	9.08	9.37	493594712	4612219392.00
2015/09/10	9.16	9.86	9.07	9.38	463845493	4384693248.00
2015/09/11	9.31	9.52	9.19	9.32	238356809	2230521856.00
2015/09/14	9.40	9.52	8.39	8.43	332705904	2963901184.00
2015/09/15	8.30	8.81	8.27	8.37	262879840	2232978944.00
2015/09/16	8.43	9.21	8.32	9.21	397521879	3514754048.00
2015/09/17	9.20	9.64	9.01	9.04	499549038	4649143296.00
2015/09/18	9.17	9.24	8.92	9.16	276689093	2516817920.00
2015/09/21	9.16	9.78	9.05	9.70	448342717	4261812480.00
2015/09/22	9.77	9.79	9.45	9.60	332751923	3198662912.00
2015/09/23	9.41	9.67	9.35	9.41	228193030	2160502016.00
2015/09/24	9.48	9.60	9.28	9.59	225387344	2131760384.00
2015/09/25	9.49	9.49	9.08	9.20	199165448	1847065600.00
2015/09/28	9.28	9.30	9.04	9.22	116093740	1066673408.00
2015/09/29	9.06	9.10	8.90	8.94	144211062	1297854720.00
2015/09/30	9.01	9.13	8.97	9.07	115655072	1046778624.00
2015/10/08	9.49	9.78	9.32	9.55	312173547	2989968640.00
2015/10/09	9.50	9.73	9.46	9.66	248764487	2390923520.00
2015/10/12	9.69	10.63	9.65	10.59	761726696	7911404032.00
2015/10/13	10.30	10.83	10.23	10.76	549697854	5801276416.00
2015/10/14	10.68	10.74	10.45	10.50	353293417	3739431168.00
2015/10/15	10.51	10.98	10.51	10.81	389092514	4199869696.00
2015/10/16	10.90	10.93	10.55	10.90	461296020	4971677184.00
2015/10/19	11.22	11.68	11.12	11.30	565294097	6418789376.00
2015/10/20	11.35	11.50	11.16	11.46	346964996	3931504128.00
2015/10/21	11.50	11.54	10.31	10.46	462723424	5078780416.00
2015/10/22	10.62	10.88	10.26	10.79	354481548	3780534528.00
2015/10/23	10.88	10.88	10.50	10.76	305666258	3258674176.00
2015/10/26	10.88	10.95	10.57	10.65	276156478	2953710336.00
2015/10/27	10.50	10.61	10.05	10.54	257730971	2665235712.00
2015/10/28	10.40	10.63	10.21	10.26	192102793	2000531968.00
2015/10/29	10.32	10.45	10.14	10.35	168745639	1740478080.00
2015/10/30	10.33	10.50	10.17	10.36	160499565	1660985600.00
2015/11/02	10.16	10.38	10.07	10.12	132518683	1352354688.00
2015/11/03	10.18	10.24	10.03	10.09	114807687	1161482880.00
2015/11/04	10.08	10.64	10.08	10.58	285123385	2967358208.00
2015/11/05	10.55	11.50	10.49	10.96	640870289	7044250624.00
2015/11/06	10.90	11.12	10.80	10.99	392133867	4292904704.00
2015/11/09	10.88	11.53	10.83	11.17	407314215	4558561280.00
2015/11/10	11.03	11.09	10.84	10.99	280395891	3076916736.00
2015/11/11	10.94	11.07	10.81	11.00	204045828	2227208448.00
2015/11/12	11.02	11.40	10.86	11.21	430354489	4789721088.00
2015/11/13	11.10	11.16	10.73	10.78	343545983	3752647168.00
2015/11/16	10.63	10.78	10.54	10.77	156604141	1673027968.00
2015/11/17	10.85	10.95	10.60	10.65	225466501	2439634432.00
2015/11/18	10.65	10.70	10.30	10.33	193750467	2033238272.00
2015/11/19	10.35	10.47	10.27	10.46	129763640	1345159424.00
2015/11/20	10.47	10.68	10.41	10.55	151532497	1603170688.00
2015/11/23	10.53	10.65	10.36	10.41	150814598	1576998656.00
2015/11/24	10.35	10.44	10.18	10.35	128175804	1317177728.00
2015/11/25	10.33	10.55	10.29	10.49	147518643	1539612800.00
2015/11/26	10.49	10.53	10.30	10.33	119916238	1245738624.00
2015/11/27	10.26	10.30	9.45	9.62	232018557	2304034304.00
2015/11/30	9.63	9.80	9.09	9.54	153833955	1460349952.00
2015/12/01	9.55	9.67	9.46	9.61	102334246	978714368.00
2015/12/02	9.62	9.87	9.43	9.86	161850000	1569478016.00
2015/12/03	9.79	9.99	9.72	9.92	118641961	1167164416.00
2015/12/04	9.80	9.86	9.63	9.73	111949608	1091821824.00
2015/12/07	9.71	9.89	9.71	9.76	90696421	888245056.00
2015/12/08	9.70	9.71	9.42	9.44	99820013	951456256.00
2015/12/09	9.36	9.53	9.33	9.48	73701330	696329344.00
2015/12/10	9.48	9.58	9.43	9.50	68006136	645857152.00
2015/12/11	9.45	9.52	9.35	9.45	73742662	694577920.00
2015/12/14	9.37	9.80	9.34	9.75	112990566	1086383360.00
2015/12/15	9.74	9.84	9.70	9.74	70181195	684709440.00
2015/12/16	9.79	9.83	9.72	9.77	71875296	702262656.00
2015/12/17	10.05	10.11	9.90	9.93	144263389	1439469056.00
2015/12/18	9.91	10.05	9.77	9.96	144325449	1428681856.00
2015/12/21	9.89	10.07	9.85	9.98	106668671	1064942528.00
2015/12/22	10.03	10.06	9.87	9.92	78952554	784044416.00
2015/12/23	9.90	9.90	9.76	9.78	99442228	977383104.00
2015/12/24	9.77	9.80	9.52	9.63	75381060	726206464.00
2015/12/25	9.65	9.70	9.57	9.66	55199630	531629824.00
2015/12/28	9.67	9.78	9.45	9.46	99209304	954894912.00
2015/12/29	9.46	9.51	9.39	9.50	65052242	614175424.00
2015/12/30	9.52	9.52	9.40	9.49	51743769	489679520.00
2015/12/31	9.49	9.64	9.43	9.54	78699010	750735616.00
2016/01/04	9.53	9.60	8.71	8.76	76630871	708660032.00
2016/01/05	8.50	8.96	8.41	8.84	126665443	1112531840.00
2016/01/06	8.86	9.00	8.80	8.99	80731138	719297792.00
2016/01/07	8.87	8.87	8.18	8.24	22716199	195278656.00
2016/01/08	8.52	8.62	8.07	8.44	109430077	920882624.00
2016/01/11	8.31	8.54	8.04	8.08	104017801	860745216.00
2016/01/12	8.18	8.43	8.01	8.25	104375942	854770112.00
2016/01/13	8.26	8.31	7.97	7.99	78197855	636880064.00
2016/01/14	7.82	8.14	7.81	8.13	76008198	610236224.00
2016/01/15	8.09	8.09	7.81	7.87	70136434	557982400.00
2016/01/18	7.74	7.95	7.70	7.85	68649654	538594240.00
2016/01/19	7.86	8.32	7.81	8.17	109440772	886344832.00
2016/01/20	8.10	8.29	8.05	8.10	110164418	900424000.00
2016/01/21	8.05	8.14	7.85	7.86	76124434	608662144.00
2016/01/22	7.97	8.00	7.77	7.90	60543278	477992288.00
2016/01/25	7.93	7.98	7.87	7.91	43453683	344460672.00
2016/01/26	7.84	7.85	7.22	7.25	94439109	713007424.00
2016/01/27	7.29	7.34	6.82	7.12	90546042	640719744.00
2016/01/28	7.08	7.18	6.81	6.88	61166664	428460256.00
2016/01/29	6.88	7.11	6.83	7.08	82732997	581213056.00
2016/02/01	7.06	7.07	6.82	6.90	53952407	375268416.00
2016/02/02	6.89	7.19	6.89	7.09	68282079	483314464.00
2016/02/03	7.01	7.05	6.92	7.04	55714593	388923968.00
2016/02/04	7.06	7.17	7.06	7.13	65972564	469941632.00
2016/02/05	7.14	7.15	7.06	7.07	49047545	348155168.00
2016/02/15	6.83	6.98	6.82	6.94	46168127	318968224.00
2016/02/16	6.96	7.24	6.96	7.19	118240977	844754624.00
2016/02/17	7.18	7.33	7.14	7.28	123642026	895480448.00
2016/02/18	7.29	7.33	7.21	7.24	96230422	700506496.00
2016/02/19	7.22	7.26	7.16	7.23	54624744	393787808.00
2016/02/22	7.29	7.42	7.25	7.39	112181675	824027968.00
2016/02/23	7.39	7.63	7.35	7.47	142121231	1061924672.00
2016/02/24	7.40	7.49	7.30	7.45	85617235	633405504.00
2016/02/25	7.43	7.43	6.81	6.87	117956069	839920128.00
2016/02/26	6.95	7.03	6.85	6.99	63752004	443230048.00
2016/02/29	6.97	7.00	6.60	6.80	76876862	518448704.00
2016/03/01	6.83	6.93	6.75	6.91	51832435	354663616.00
2016/03/02	6.91	7.24	6.90	7.20	109238961	773141568.00
2016/03/03	7.18	7.22	7.13	7.17	91058157	653592512.00
2016/03/04	7.15	7.28	7.03	7.27	140465099	1007903872.00
2016/03/07	7.27	7.38	7.24	7.29	85420389	623263232.00
2016/03/08	7.27	7.27	7.00	7.25	71909266	512213408.00
2016/03/09	7.10	7.23	7.01	7.22	71094505	504802912.00
2016/03/10	7.15	7.20	7.01	7.03	38947762	276279904.00
2016/03/11	6.93	7.08	6.92	7.07	40971052	287457888.00
2016/03/14	7.12	7.28	7.11	7.19	77688967	560857728.00
2016/03/15	7.16	7.33	7.08	7.30	87278781	629080192.00
2016/03/16	7.25	7.32	7.22	7.30	104693397	762769152.00
2016/03/17	7.32	7.39	7.22	7.34	97073456	710118080.00
2016/03/18	7.39	7.63	7.33	7.44	217892499	1624403712.00
2016/03/21	7.51	7.67	7.44	7.57	193975142	1465504896.00
2016/03/22	7.53	7.94	7.48	7.80	243568305	1886831488.00
2016/03/23	7.70	7.77	7.64	7.71	117819485	907323776.00
2016/03/24	7.72	8.02	7.71	7.73	190696583	1502233728.00
2016/03/25	7.62	7.91	7.62	7.89	123008104	958976896.00
2016/03/28	7.96	7.99	7.70	7.77	108117976	848660672.00
2016/03/29	7.74	7.80	7.51	7.57	83428226	635006144.00
2016/03/30	7.63	7.79	7.63	7.78	79663109	613938944.00
2016/03/31	7.82	7.87	7.68	7.72	94328494	731877632.00
2016/04/01	7.74	7.78	7.57	7.71	73072173	560944256.00
2016/04/05	7.71	7.84	7.71	7.80	105819114	824197568.00
2016/04/06	7.80	7.82	7.74	7.79	95183014	740355968.00
2016/04/07	7.82	7.87	7.66	7.68	91722328	708755712.00
2016/04/08	7.62	7.65	7.47	7.53	74659623	563179968.00
2016/04/11	7.56	7.71	7.56	7.65	58501955	447868384.00
2016/04/12	7.65	7.66	7.48	7.56	49604819	374777984.00
2016/04/13	7.60	7.75	7.58	7.64	126815760	974222912.00
2016/04/14	7.69	7.71	7.62	7.68	53876223	412572448.00
2016/04/15	7.68	7.69	7.57	7.62	52910974	403166560.00
2016/04/18	7.58	7.58	7.43	7.47	60776697	454924064.00
2016/04/19	7.52	7.54	7.41	7.46	36885575	275131904.00
2016/04/20	7.49	7.50	7.01	7.22	109373748	788359744.00
2016/04/21	7.16	7.20	7.08	7.11	44793688	320058752.00
2016/04/22	7.08	7.14	7.05	7.13	32669267	231889728.00
2016/04/25	7.11	7.11	7.02	7.08	30233638	213514128.00
2016/04/26	7.08	7.13	7.05	7.12	29329060	207885296.00
2016/04/27	7.13	7.15	7.07	7.09	32613365	231821392.00
2016/04/28	7.09	7.16	7.01	7.13	45480396	321751008.00
2016/04/29	7.09	7.13	7.06	7.08	29682013	210164944.00
2016/05/03	7.08	7.18	7.04	7.18	50668337	361607840.00
2016/05/04	7.15	7.21	7.12	7.17	43337664	310495808.00
2016/05/05	7.13	7.17	7.12	7.14	31646014	225883520.00
2016/05/06	7.15	7.16	6.94	6.96	73445260	516793760.00
2016/05/09	6.95	6.95	6.73	6.76	58480368	397913088.00
2016/05/10	6.74	6.89	6.73	6.81	37867394	257231536.00
2016/05/11	6.82	6.84	6.76	6.77	31047470	211032672.00
2016/05/12	6.73	6.79	6.62	6.76	35022162	235302576.00
2016/05/13	6.73	6.78	6.71	6.74	23256713	156783184.00
2016/05/16	6.73	6.82	6.71	6.79	32318970	218547264.00
2016/05/17	6.77	6.79	6.71	6.75	25792873	174075104.00
2016/05/18	6.71	6.73	6.58	6.64	50699195	336777056.00
2016/05/19	6.64	6.69	6.61	6.64	24485411	162982592.00
2016/05/20	6.61	6.66	6.58	6.65	22974061	152242336.00
2016/05/23	6.65	6.71	6.64	6.68	31159588	207993696.00
2016/05/24	6.67	7.00	6.63	6.83	95947055	656718784.00
2016/05/25	6.82	6.86	6.73	6.78	48288436	327839456.00
2016/05/26	6.76	6.80	6.65	6.75	32193037	215766240.00
2016/05/27	6.73	6.76	6.69	6.72	21822331	146811456.00
2016/05/30	6.70	6.80	6.65	6.75	26140679	176052016.00
2016/05/31	6.75	6.93	6.74	6.93	89169580	613332096.00
2016/06/01	6.92	6.96	6.88	6.90	50389280	348340512.00
2016/06/02	6.90	6.92	6.85	6.90	32012757	220394976.00
2016/06/03	6.91	7.06	6.89	7.03	72384575	504033184.00
2016/06/06	7.04	7.06	6.90	6.93	54752144	380857760.00
2016/06/07	6.90	6.94	6.85	6.88	35590792	245024656.00
2016/06/08	6.86	6.92	6.79	6.87	43115867	295670656.00
2016/06/13	6.80	6.81	6.65	6.66	45568627	307633056.00
2016/06/14	6.67	6.71	6.62	6.68	31970968	212976576.00
2016/06/15	6.60	6.79	6.59	6.75	52784227	354633120.00
2016/06/16	6.72	7.08	6.70	6.91	149841229	1037406080.00
2016/06/17	6.86	6.96	6.79	6.87	79080201	543049664.00
2016/06/20	6.83	6.89	6.81	6.86	31652107	216757200.00
2016/06/21	6.89	6.92	6.75	6.76	57310217	391629760.00
2016/06/22	6.76	6.82	6.75	6.81	29975093	203568048.00
2016/06/23	6.89	6.89	6.78	6.83	37083657	253749728.00
2016/06/24	6.85	6.85	6.63	6.70	60832586	409067872.00
2016/06/27	6.69	6.82	6.69	6.79	43178646	291298432.00
2016/06/28	6.75	6.80	6.72	6.79	45344412	306720640.00
2016/06/29	6.81	6.98	6.80	6.88	88335698	608805056.00
2016/06/30	6.88	6.88	6.80	6.83	46065809	314416000.00
2016/07/01	6.84	6.94	6.82	6.84	47977061	329829952.00
2016/07/04	6.81	6.92	6.80	6.91	74025608	509998400.00
2016/07/05	6.91	7.23	6.89	7.10	171564482	1215744512.00
2016/07/06	7.05	7.05	6.98	7.03	87181196	611263808.00
2016/07/07	7.02	7.02	6.94	6.98	61973247	432461792.00
2016/07/08	6.98	6.99	6.94	6.96	38652309	269036160.00
2016/07/11	6.97	7.01	6.95	6.96	59465175	415081984.00
2016/07/12	6.96	7.07	6.94	7.06	84252076	590294976.00
2016/07/13	7.00	7.11	6.98	7.02	94528932	665529024.00
2016/07/14	7.00	7.01	6.95	6.98	46713031	325716640.00
2016/07/15	7.01	7.07	7.00	7.02	59813831	420450912.00
2016/07/18	7.01	7.02	6.93	6.97	46774963	326419744.00
2016/07/19	6.95	7.04	6.94	7.02	69644458	486854016.00
2016/07/20	6.99	7.01	6.95	6.96	39294664	273927360.00
2016/07/21	6.96	7.00	6.95	6.97	34992232	243869664.00
2016/07/22	6.96	6.97	6.88	6.89	46020878	318501952.00
2016/07/25	6.88	6.90	6.83	6.86	36953843	253763088.00
2016/07/26	6.87	6.94	6.86	6.93	37361307	257652240.00
2016/07/27	6.93	6.94	6.68	6.83	80651560	548613056.00
2016/07/28	6.78	6.83	6.76	6.80	39374160	267456832.00
2016/07/29	6.80	6.81	6.74	6.76	29571537	200181408.00
2016/08/01	6.74	6.75	6.58	6.66	59378325	394771072.00
2016/08/02	6.64	6.71	6.63	6.69	23634118	158024560.00
2016/08/03	6.68	6.72	6.66	6.70	19363277	129649472.00
2016/08/04	6.70	6.73	6.66	6.71	26181997	175282560.00
2016/08/05	6.71	6.72	6.68	6.68	19482054	130439464.00
2016/08/08	6.67	6.73	6.64	6.72	23615434	157898736.00
2016/08/09	6.71	6.77	6.70	6.75	29498932	198648560.00
2016/08/10	6.74	6.77	6.72	6.74	25918214	174854064.00
2016/08/11	6.73	6.77	6.68	6.69	26591962	178751472.00
2016/08/12	6.69	6.77	6.67	6.76	35910259	241166720.00
2016/08/15	6.75	6.92	6.75	6.88	92723078	635143488.00
2016/08/16	6.89	6.98	6.88	6.90	69902857	484442400.00
2016/08/17	6.92	6.92	6.82	6.87	45257998	310862208.00
2016/08/18	6.87	6.90	6.84	6.86	34668305	238257200.00
2016/08/19	6.87	6.96	6.84	6.92	58107233	401074624.00
2016/08/22	6.91	6.93	6.82	6.83	43611988	299342976.00
2016/08/23	6.81	6.85	6.80	6.83	25064639	171138288.00
2016/08/24	6.84	6.85	6.78	6.80	29066963	197991696.00
2016/08/25	6.78	6.78	6.70	6.76	35093981	236392752.00
2016/08/26	6.76	6.79	6.74	6.75	22566298	152685392.00
2016/08/29	6.74	6.80	6.72	6.76	22331933	150822224.00
2016/08/30	6.78	6.79	6.73	6.75	29565341	199566112.00
2016/08/31	6.74	6.80	6.72	6.77	29760204	200956528.00
2016/09/01	6.76	6.77	6.71	6.71	27923200	187990640.00
2016/09/02	6.71	6.75	6.70	6.75	30917599	207931760.00
2016/09/05	6.75	6.77	6.73	6.74	21388774	144363280.00
2016/09/06	6.74	6.77	6.70	6.77	26320918	177262656.00
2016/09/07	6.76	6.82	6.75	6.77	37534310	254888960.00
2016/09/08	6.76	6.78	6.73	6.76	22633953	152754880.00
2016/09/09	6.74	6.77	6.72	6.72	28922905	195058416.00
2016/09/12	6.67	6.72	6.61	6.71	64838833	431241472.00
2016/09/13	6.69	6.70	6.65	6.69	21650853	144308000.00
2016/09/14	6.66	6.67	6.62	6.64	21638004	143747440.00
2016/09/19	6.70	6.94	6.70	6.77	112838222	770031936.00
2016/09/20	6.74	6.76	6.67	6.68	52686187	352676352.00
2016/09/21	6.69	6.69	6.66	6.67	21713470	144931568.00
2016/09/22	6.70	6.72	6.66	6.67	28483026	190516128.00
2016/09/23	6.67	6.69	6.64	6.65	27494104	183140816.00
2016/09/26	6.65	6.67	6.60	6.61	35831276	237410544.00
2016/09/27	6.60	6.63	6.59	6.63	22854956	151071584.00
2016/09/28	6.63	6.64	6.60	6.61	13956471	92285208.00
2016/09/29	6.61	6.64	6.61	6.61	21857171	144726656.00
2016/09/30	6.63	6.67	6.62	6.64	23414284	155504272.00
2016/10/10	6.66	6.70	6.65	6.70	29730198	198533024.00
2016/10/11	6.69	6.72	6.67	6.69	28193560	188733536.00
2016/10/12	6.68	6.74	6.66	6.71	39701479	265838640.00
2016/10/13	6.69	6.76	6.67	6.71	44641633	300099552.00
2016/10/14	6.70	6.74	6.67	6.73	34359760	230260320.00
2016/10/17	6.71	6.79	6.68	6.68	37782529	254361872.00
2016/10/18	6.67	6.83	6.66	6.79	88325182	596809920.00
2016/10/19	6.77	6.83	6.76	6.79	73486372	499334208.00
2016/10/20	6.77	6.83	6.77	6.81	54329660	369801792.00
2016/10/21	6.80	6.93	6.78	6.85	131737841	903671360.00
2016/10/24	6.85	7.06	6.85	6.99	215535952	1501772672.00
2016/10/25	6.94	6.96	6.87	6.90	98602098	680700608.00
2016/10/26	6.90	6.91	6.81	6.83	61159866	418924512.00
2016/10/27	6.85	6.87	6.80	6.86	52262870	356855904.00
2016/10/28	6.88	6.88	6.79	6.80	47481600	324218208.00
2016/10/31	6.78	6.80	6.74	6.76	35736637	241438656.00
2016/11/01	6.78	6.82	6.76	6.82	35798728	243027200.00
2016/11/02	6.79	6.84	6.76	6.77	37344659	253815408.00
2016/11/03	6.76	6.94	6.72	6.85	83770323	572869376.00
2016/11/04	6.83	6.86	6.77	6.79	45476032	310101216.00
2016/11/07	6.79	6.82	6.77	6.80	30875130	209639600.00
2016/11/08	6.82	6.86	6.79	6.83	40225118	274638496.00
2016/11/09	6.83	6.84	6.71	6.74	53154165	359501248.00
2016/11/10	6.78	6.89	6.77	6.85	79168937	542000640.00
2016/11/11	6.85	6.99	6.82	6.94	144732120	1002132928.00
2016/11/14	6.93	7.07	6.90	6.99	126745118	885723392.00
2016/11/15	6.97	7.01	6.91	6.96	66546513	462251424.00
2016/11/16	6.96	6.96	6.87	6.92	81667629	564364544.00
2016/11/17	6.90	7.15	6.88	7.08	148555228	1043618112.00
2016/11/18	7.12	7.22	7.03	7.06	165322504	1176876928.00
2016/11/21	7.02	7.15	6.99	7.07	125168020	885071744.00
2016/11/22	7.06	7.15	7.05	7.11	106609865	757148224.00
2016/11/23	7.14	7.17	7.03	7.05	105671268	750551552.00
2016/11/24	7.04	7.09	6.99	7.02	66258277	466493696.00
2016/11/25	7.01	7.11	6.93	7.09	86528150	606919232.00
2016/11/28	7.09	7.20	7.07	7.17	139578001	998423040.00
2016/11/29	7.16	7.50	7.12	7.36	303175231	2221128960.00
2016/11/30	7.35	7.37	7.20	7.32	171196738	1247380224.00
2016/12/01	7.28	7.46	7.26	7.33	184799327	1358993536.00
2016/12/02	7.29	7.43	7.17	7.18	157848082	1147981184.00
2016/12/05	7.08	7.26	7.06	7.14	113077767	808087488.00
2016/12/06	7.14	7.22	7.09	7.16	81028726	579148992.00
2016/12/07	7.15	7.20	7.09	7.18	73007679	522274240.00
2016/12/08	7.20	7.20	7.06	7.07	79684292	567445888.00
2016/12/09	7.05	7.13	7.03	7.09	71936560	508786496.00
2016/12/12	7.10	7.11	6.88	6.93	122056069	849810496.00
2016/12/13	6.92	7.02	6.89	6.99	60246022	418892608.00
2016/12/14	6.97	7.00	6.91	6.93	47830247	332333536.00
2016/12/15	6.91	6.97	6.83	6.89	54880827	379466336.00
2016/12/16	6.87	6.94	6.86	6.88	47136541	324747104.00
2016/12/19	6.89	6.94	6.87	6.88	47361895	326738048.00
2016/12/20	6.88	6.91	6.83	6.89	46207853	317122496.00
2016/12/21	6.90	7.02	6.86	6.99	77931308	541916928.00
2016/12/22	6.97	7.17	6.96	7.07	116858828	828036288.00
2016/12/23	7.05	7.08	6.97	6.99	68134877	478101984.00
2016/12/26	6.96	7.10	6.92	7.10	69430100	487162496.00
2016/12/27	7.07	7.14	7.03	7.04	58549946	414682720.00
2016/12/28	7.03	7.17	7.02	7.10	85975138	611171392.00
2016/12/29	7.07	7.10	6.98	7.03	55227529	388677952.00
2016/12/30	7.01	7.09	7.01	7.06	48680554	343618304.00
2017/01/03	7.06	7.13	7.04	7.11	55036520	390440448.00
2017/01/04	7.11	7.12	7.08	7.12	59784099	424517824.00
2017/01/05	7.11	7.12	7.02	7.07	101258865	714334336.00
2017/01/06	7.05	7.11	7.03	7.05	62948599	444745088.00
2017/01/09	7.04	7.21	7.03	7.21	144039198	1029113088.00
2017/01/10	7.19	7.20	7.13	7.14	68551700	490978464.00
2017/01/11	7.14	7.19	7.09	7.13	70605072	504001248.00
2017/01/12	7.12	7.14	7.06	7.07	52584665	373342080.00
2017/01/13	7.07	7.11	7.02	7.08	70812120	500376032.00
2017/01/16	7.06	7.10	6.91	7.09	128130900	897258688.00
2017/01/17	7.04	7.06	6.98	7.03	38146736	267845392.00
2017/01/18	7.02	7.06	7.01	7.03	26346548	185359264.00
2017/01/19	7.03	7.03	6.96	6.98	33854482	236453440.00
2017/01/20	6.96	7.03	6.96	7.01	24699281	172954128.00
2017/01/23	7.01	7.06	7.00	7.03	38519475	270938592.00
2017/01/24	7.02	7.05	7.00	7.04	24560427	172562384.00
2017/01/25	7.03	7.05	7.01	7.04	21464719	150923280.00
2017/01/26	7.04	7.07	7.03	7.05	26512977	186844544.00
2017/02/03	7.05	7.10	7.04	7.07	35321585	249789744.00
2017/02/06	7.07	7.11	7.06	7.10	34797433	246826848.00
2017/02/07	7.11	7.12	7.05	7.08	33508036	237140576.00
2017/02/08	7.07	7.09	7.02	7.08	43324060	305336352.00
2017/02/09	7.07	7.14	7.04	7.11	53154790	377333920.00
2017/02/10	7.11	7.19	7.10	7.16	98610780	705370816.00
2017/02/13	7.16	7.20	7.13	7.20	81527354	584476736.00
2017/02/14	7.20	7.21	7.14	7.16	48993638	350936224.00
2017/02/15	7.18	7.29	7.16	7.17	115451686	833465664.00
2017/02/16	7.15	7.72	7.13	7.44	275440574	2049817344.00
2017/02/17	7.37	7.46	7.30	7.30	162723880	1197603712.00
2017/02/20	7.35	7.41	7.28	7.34	145660976	1067016704.00
2017/02/21	7.38	7.45	7.36	7.40	117408403	868080704.00
2017/02/22	7.40	7.42	7.31	7.41	99533236	732759296.00
2017/02/23	7.38	7.39	7.30	7.34	68426269	502001536.00
2017/02/24	7.33	7.39	7.31	7.38	61201488	450009280.00
2017/02/27	7.35	7.40	7.26	7.27	70622793	517075584.00
2017/02/28	7.26	7.29	7.23	7.28	39693478	288234144.00
2017/03/01	7.27	7.32	7.25	7.26	48112250	350542016.00
2017/03/02	7.28	7.29	7.19	7.20	48905685	354181632.00
2017/03/03	7.17	7.21	7.15	7.20	51317891	367958304.00
2017/03/06	7.19	7.25	7.18	7.24	38647705	279066688.00
2017/03/07	7.24	7.24	7.19	7.21	31333098	225795840.00
2017/03/08	7.21	7.23	7.18	7.20	32467610	233933568.00
2017/03/09	7.22	7.23	7.12	7.18	48900187	350350080.00
2017/03/10	7.15	7.18	7.13	7.15	27199060	194452544.00
2017/03/13	7.15	7.18	7.10	7.17	35087668	250654640.00
2017/03/14	7.16	7.22	7.15	7.19	41903107	301087264.00
2017/03/15	7.18	7.22	7.16	7.20	31530047	226718016.00
2017/03/16	7.22	7.25	7.21	7.24	42304766	305991520.00
2017/03/17	7.24	7.28	7.17	7.19	65768975	476102528.00
2017/03/20	7.50	7.57	7.31	7.33	179131637	1325325440.00
2017/03/21	7.33	7.38	7.29	7.34	72771334	533671008.00
2017/03/22	7.31	7.42	7.29	7.36	81731302	601671744.00
2017/03/23	7.36	7.42	7.31	7.39	87728664	647065088.00
2017/03/24	7.40	7.45	7.32	7.42	97014466	716668352.00
2017/03/27	7.41	7.44	7.33	7.34	61652500	455031616.00
2017/03/28	7.33	7.35	7.28	7.28	49721156	363072992.00
2017/03/29	7.28	7.37	7.24	7.30	61467197	449025696.00
2017/03/30	7.28	7.32	7.22	7.27	64262559	466838240.00
2017/03/31	7.26	7.31	7.23	7.26	43406931	315521312.00
2017/04/05	7.32	7.45	7.27	7.41	98773369	728406592.00
2017/04/06	7.44	7.65	7.41	7.54	192510693	1449131904.00
2017/04/07	7.51	7.56	7.43	7.52	95149938	712954880.00
2017/04/10	7.55	7.60	7.48	7.56	97993533	738088128.00
2017/04/11	7.56	7.70	7.53	7.69	157773066	1203366912.00
2017/04/12	7.66	7.68	7.56	7.60	103076939	783450560.00
2017/04/13	7.56	7.62	7.50	7.58	89095017	673878592.00
2017/04/14	7.57	7.64	7.45	7.48	78174369	590214848.00
2017/04/17	7.48	7.50	7.38	7.46	68195967	506778240.00
2017/04/18	7.45	7.55	7.41	7.50	77298069	579123456.00
2017/04/19	7.46	7.52	7.35	7.49	83343954	620181760.00
2017/04/20	7.47	7.57	7.43	7.57	76747896	575975808.00
2017/04/21	7.55	7.61	7.49	7.60	76625623	579631424.00
2017/04/24	7.58	7.61	7.41	7.59	118154469	886121472.00
2017/04/25	7.54	7.63	7.48	7.57	56611101	428011168.00
2017/04/26	7.56	7.58	7.48	7.50	48760042	366710688.00
2017/04/27	7.48	7.83	7.44	7.76	179039738	1370226816.00
2017/04/28	7.71	7.76	7.67	7.74	75257529	580392128.00
2017/05/02	7.72	7.75	7.66	7.71	45859602	353309152.00
2017/05/03	7.68	7.83	7.56	7.59	108011150	831958144.00
2017/05/04	7.56	7.66	7.48	7.59	84382145	639236544.00
2017/05/05	7.56	7.66	7.52	7.61	61999547	471346368.00
2017/05/08	7.58	7.71	7.52	7.70	96605793	737515264.00
2017/05/09	7.64	7.75	7.62	7.65	55403356	426120128.00
2017/05/10	7.66	7.79	7.60	7.63	71430805	550940224.00
2017/05/11	7.56	7.62	7.12	7.47	205182791	1524949120.00
2017/05/12	7.41	7.52	7.38	7.50	66670135	496639680.00
2017/05/15	7.47	7.53	7.47	7.50	34459385	258482736.00
2017/05/16	7.49	7.53	7.38	7.53	44951886	336049408.00
2017/05/17	7.53	7.53	7.47	7.52	34597931	259604384.00
2017/05/18	7.48	7.52	7.45	7.51	47865547	358430560.00
2017/05/19	7.49	7.50	7.41	7.43	34755956	258342560.00
2017/05/22	7.43	7.48	7.32	7.47	57730433	425734944.00
2017/05/23	7.43	7.50	7.30	7.49	77615606	575826816.00
2017/05/24	7.42	7.51	7.39	7.50	31470782	234771264.00
2017/05/25	7.50	7.62	7.49	7.59	50122512	379030080.00
2017/05/26	7.60	7.79	7.58	7.63	69055546	530969984.00
2017/05/31	7.65	7.75	7.58	7.72	60362195	463425984.00
2017/06/01	7.69	7.81	7.64	7.80	90168264	699569664.00
2017/06/02	7.79	7.84	7.74	7.78	55484146	432432608.00
2017/06/05	7.84	7.84	7.66	7.69	44100419	340456352.00
2017/06/06	7.70	7.77	7.67	7.76	30810627	238329632.00
2017/06/07	7.77	7.80	7.72	7.76	46598501	361457056.00
2017/06/08	7.75	7.78	7.70	7.76	33214742	256833616.00
2017/06/09	7.78	7.95	7.76	7.91	108267426	853809664.00
2017/06/12	7.93	8.08	7.88	7.94	90384240	722656704.00
2017/06/13	7.91	7.99	7.87	7.95	37597592	298196448.00
2017/06/14	7.96	7.98	7.85	7.89	42723941	337012288.00
2017/06/15	7.88	7.94	7.81	7.82	44529693	350115424.00
2017/06/16	7.80	7.82	7.74	7.75	37009581	287581664.00
2017/06/19	7.77	7.89	7.77	7.89	39042802	306675584.00
2017/06/20	7.89	7.91	7.79	7.81	29214206	229029312.00
2017/06/21	7.86	7.88	7.77	7.85	29923462	234115680.00
2017/06/22	7.85	7.93	7.83	7.88	59009537	465181888.00
2017/06/23	7.86	7.90	7.70	7.89	68864265	536966144.00
2017/06/26	7.85	7.94	7.82	7.88	58923942	463947744.00
2017/06/27	7.88	7.88	7.83	7.85	26690269	209588944.00
2017/06/28	7.85	7.85	7.74	7.76	41472469	322551680.00
2017/06/29	7.76	7.82	7.75	7.79	19360715	150678576.00
2017/06/30	7.75	7.82	7.70	7.81	37853667	293808480.00
2017/07/03	7.77	7.83	7.73	7.80	26958661	209931616.00
2017/07/04	7.80	7.85	7.76	7.84	41605443	324964096.00
2017/07/05	7.84	7.90	7.81	7.86	40856790	321631552.00
2017/07/06	7.87	7.89	7.77	7.84	39920365	312475840.00
2017/07/07	7.80	7.89	7.78	7.88	34063945	267174784.00
2017/07/10	7.90	7.97	7.85	7.94	48121316	381108864.00
2017/07/11	7.94	7.96	7.88	7.89	36049817	285634368.00
2017/07/12	7.90	7.90	7.77	7.79	42634981	333449056.00
2017/07/13	7.79	7.87	7.76	7.86	36430353	284515840.00
2017/07/14	7.85	7.90	7.83	7.90	33814950	266333888.00
2017/07/17	7.90	7.94	7.73	7.87	63981715	501321760.00
2017/07/18	7.83	8.05	7.78	8.02	73481771	581906624.00
2017/07/19	8.03	8.11	7.97	8.02	120447012	967202880.00
2017/07/20	8.00	8.09	8.00	8.07	62689850	504859008.00
2017/07/21	8.08	8.08	7.97	8.00	50270761	403541344.00
2017/07/24	7.98	8.03	7.95	7.96	46069279	367670272.00
2017/07/25	7.96	8.01	7.93	7.98	38523650	307085344.00
2017/07/26	8.00	8.01	7.90	7.99	46877581	373195424.00
2017/07/27	7.90	7.90	7.78	7.88	47197724	370327264.00
2017/07/28	7.86	7.93	7.85	7.88	28029616	221247904.00
2017/07/31	7.84	7.92	7.79	7.82	51122166	400426368.00
2017/08/01	7.82	7.86	7.80	7.84	37643103	294686688.00
2017/08/02	7.83	7.84	7.68	7.69	78740502	609924032.00
2017/08/03	7.68	7.71	7.60	7.63	49091874	375418720.00
2017/08/04	7.62	7.71	7.60	7.66	38255291	292914528.00
2017/08/07	7.65	7.67	7.59	7.67	23572062	179940832.00
2017/08/08	7.67	7.69	7.61	7.64	19057274	145591920.00
2017/08/09	7.63	7.64	7.60	7.62	20428301	155636608.00
2017/08/10	7.62	7.66	7.53	7.66	45802905	348054272.00
2017/08/11	7.67	7.74	7.64	7.69	50585410	388728800.00
2017/08/14	7.72	7.78	7.70	7.73	29652218	229279328.00
2017/08/15	7.73	7.74	7.66	7.67	20921688	160912048.00
2017/08/16	7.67	7.72	7.63	7.70	20529780	157772976.00
2017/08/17	7.71	7.87	7.70	7.80	49263627	384614272.00
2017/08/18	7.80	7.85	7.75	7.78	37249540	290316416.00
2017/08/21	7.81	7.84	7.75	7.78	30681930	238803248.00
2017/08/22	7.78	7.80	7.70	7.71	25617589	198066560.00
2017/08/23	7.72	7.77	7.71	7.71	16385435	126634912.00
2017/08/24	7.71	7.72	7.62	7.63	22646669	173472176.00
2017/08/25	7.75	7.81	7.68	7.77	43860291	340222656.00
2017/08/28	7.77	7.83	7.74	7.81	66404474	517506048.00
2017/08/29	7.82	7.83	7.76	7.78	27437116	213815152.00
2017/08/30	7.78	7.78	7.73	7.76	25397671	197021936.00
2017/08/31	7.75	7.79	7.68	7.72	35456331	273968288.00
2017/09/01	7.72	7.74	7.69	7.71	26801692	206611008.00
2017/09/04	7.69	7.71	7.67	7.69	26586615	204269680.00
2017/09/05	7.70	7.71	7.68	7.70	17625848	135682928.00
2017/09/06	7.70	7.77	7.63	7.74	37352762	287704800.00
2017/09/07	7.72	7.73	7.66	7.66	27682569	212684448.00
2017/09/08	7.65	7.67	7.60	7.61	32926800	251157760.00
2017/09/11	7.60	7.63	7.58	7.60	31111955	236533936.00
2017/09/12	7.65	7.66	7.59	7.61	29739668	226545024.00
2017/09/13	7.62	7.63	7.56	7.58	27343424	207168560.00
2017/09/14	7.58	7.58	7.50	7.51	37809800	284979456.00
2017/09/15	7.52	7.54	7.50	7.52	27499200	206745504.00
2017/09/18	7.53	7.56	7.48	7.49	40041200	300832032.00
2017/09/19	7.49	7.50	7.43	7.45	43767765	325976544.00
2017/09/20	7.43	7.55	7.42	7.52	40191413	300660672.00
2017/09/21	7.51	7.51	7.47	7.47	14488292	108538776.00
2017/09/22	7.45	7.53	7.41	7.51	29595843	220721152.00
2017/09/25	7.49	7.58	7.45	7.56	43656800	328730880.00
2017/09/26	7.54	7.55	7.48	7.52	18667807	140301632.00
2017/09/27	7.50	7.52	7.47	7.48	14441645	108212800.00
2017/09/28	7.49	7.49	7.42	7.47	20225900	150752080.00
2017/09/29	7.46	7.50	7.45	7.46	13140212	98194456.00
2017/10/09	7.53	7.55	7.50	7.50	22156034	166691712.00
2017/10/10	7.50	7.52	7.48	7.51	17727558	132926736.00
2017/10/11	7.51	7.52	7.48	7.51	16417292	123136184.00
2017/10/12	7.51	7.52	7.46	7.47	15886100	118845928.00
2017/10/13	7.48	7.49	7.45	7.48	11393181	85061104.00
2017/10/16	7.47	7.49	7.44	7.45	20621800	153824224.00
2017/10/17	7.44	7.52	7.43	7.48	20283588	151815936.00
2017/10/18	7.49	7.57	7.47	7.56	44539578	335399136.00
2017/10/19	7.56	7.60	7.51	7.60	44331166	335075296.00
2017/10/20	7.57	7.59	7.54	7.57	17020424	128783888.00
2017/10/23	7.56	7.59	7.52	7.53	17644122	133020528.00
2017/10/24	7.54	7.62	7.51	7.61	51869490	393570144.00
2017/10/25	7.60	7.60	7.56	7.58	21738448	164668528.00
2017/10/26	7.57	7.67	7.55	7.65	44603330	340024192.00
2017/10/27	7.66	7.73	7.61	7.63	36321619	278696576.00
2017/10/30	7.64	7.84	7.55	7.77	117268858	909581632.00
2017/10/31	7.77	7.85	7.73	7.79	64221849	500111040.00
2017/11/01	7.79	7.87	7.76	7.81	55439421	432919264.00
2017/11/02	7.76	7.82	7.68	7.79	61679432	478152064.00
2017/11/03	7.77	7.82	7.69	7.80	57885981	449297248.00
2017/11/06	7.79	7.87	7.77	7.80	39285320	306929920.00
2017/11/07	7.81	7.93	7.76	7.89	89412502	703645824.00
2017/11/08	7.88	7.92	7.78	7.81	65907982	516474048.00
2017/11/09	7.80	7.83	7.73	7.80	42299648	329641120.00
2017/11/10	7.78	7.80	7.70	7.72	58576694	452465344.00
2017/11/13	7.73	7.76	7.66	7.70	42953811	330811744.00
2017/11/14	7.68	7.75	7.66	7.70	32095882	247191008.00
2017/11/15	7.68	7.73	7.66	7.69	32267732	248186992.00
2017/11/16	7.66	7.67	7.42	7.44	82132787	619595968.00
2017/11/17	7.42	7.55	7.19	7.53	130137014	956788032.00
2017/11/20	7.41	7.50	7.33	7.44	30688612	227881376.00
2017/11/21	7.44	7.50	7.41	7.46	24202209	180681648.00
2017/11/22	7.49	7.59	7.45	7.57	37204162	280063744.00
2017/11/23	7.55	7.62	7.38	7.46	37788099	283883872.00
2017/11/24	7.46	7.49	7.36	7.48	25866725	192396288.00
2017/11/27	7.45	7.52	7.42	7.49	24202900	181009824.00
2017/11/28	7.50	7.50	7.43	7.46	14371905	107296584.00
2017/11/29	7.48	7.49	7.39	7.41	19387733	143856672.00
2017/11/30	7.39	7.40	7.30	7.35	31151384	228764240.00
2017/12/01	7.37	7.38	7.31	7.36	19452513	142750272.00
2017/12/04	7.34	7.37	7.30	7.36	20590911	150967808.00
2017/12/05	7.35	7.58	7.33	7.52	71727586	536903936.00
2017/12/06	7.51	7.53	7.45	7.48	22507426	168534464.00
2017/12/07	7.47	7.69	7.46	7.53	34547742	262531808.00
2017/12/08	7.50	7.53	7.46	7.50	18261659	136885456.00
2017/12/11	7.50	7.50	7.46	7.48	14044745	104969400.00
2017/12/12	7.49	7.57	7.46	7.47	21728440	163100048.00
2017/12/13	7.46	7.46	7.40	7.43	21446423	159283872.00
2017/12/14	7.44	7.44	7.40	7.40	13176718	97733864.00
2017/12/15	7.37	7.39	7.22	7.28	66603706	485572576.00
2017/12/18	7.30	7.31	7.24	7.29	16283937	118464824.00
2017/12/19	7.28	7.31	7.26	7.28	12175203	88648808.00
2017/12/20	7.28	7.31	7.23	7.31	17991301	130892368.00
2017/12/21	7.29	7.30	7.23	7.27	13408993	97483168.00
2017/12/22	7.25	7.28	7.25	7.26	9638192	70056688.00
2017/12/25	7.26	7.27	7.20	7.25	16024884	116034688.00
2017/12/26	7.23	7.29	7.20	7.29	13502173	97774536.00
2017/12/27	7.28	7.30	7.22	7.25	13989000	101514632.00
2017/12/28	7.25	7.31	7.23	7.30	20079825	146365520.00
2017/12/29	7.28	7.37	7.28	7.35	16280716	119279928.00
2018/01/02	7.35	7.41	7.35	7.39	20662414	152627472.00
2018/01/03	7.39	7.43	7.37	7.40	19567184	144854656.00
2018/01/04	7.40	7.44	7.38	7.42	15430695	114347600.00
2018/01/05	7.41	7.43	7.38	7.42	15306442	113238176.00
2018/01/08	7.41	7.42	7.36	7.41	19293983	142539664.00
2018/01/09	7.41	7.42	7.37	7.40	14034099	103767920.00
2018/01/10	7.43	7.48	7.37	7.40	19635911	145615552.00
2018/01/11	7.38	7.41	7.36	7.39	15421221	113873368.00
2018/01/12	7.38	7.39	7.33	7.35	17636461	129822200.00
2018/01/15	7.35	7.37	7.23	7.25	22351101	162761728.00
2018/01/16	7.25	7.38	7.23	7.38	25210343	184595392.00
2018/01/17	7.48	7.51	7.39	7.43	32240421	239722208.00
2018/01/18	7.45	7.60	7.43	7.58	60723475	456956672.00
2018/01/19	7.55	7.60	7.52	7.55	39124158	295718944.00
2018/01/22	7.55	7.59	7.48	7.52	32492207	244239696.00
2018/01/23	7.50	7.59	7.47	7.58	34334633	258965232.00
2018/01/24	7.58	7.65	7.50	7.61	46421644	351442144.00
2018/01/25	7.75	7.81	7.66	7.67	83037424	641484288.00
2018/01/26	7.66	7.67	7.60	7.61	29650734	225955264.00
2018/01/29	7.62	7.71	7.58	7.61	33261060	253970976.00
2018/01/30	7.58	7.66	7.52	7.57	25808563	195403056.00
2018/01/31	7.54	7.62	7.50	7.60	30465105	230197040.00
2018/02/01	7.70	7.73	7.53	7.72	78218066	598460800.00
2018/02/02	7.64	7.65	7.50	7.59	44961659	340727712.00
2018/02/05	7.50	7.56	7.45	7.52	24452314	183887072.00
2018/02/06	7.44	7.54	7.41	7.52	61522401	461206208.00
2018/02/07	7.52	7.53	7.39	7.45	39709725	296519360.00
2018/02/08	7.42	7.48	7.28	7.33	28448833	209908064.00
2018/02/09	7.26	7.30	7.02	7.14	63575716	454129152.00
2018/02/12	7.13	7.18	7.09	7.15	19993436	142659040.00
2018/02/13	7.16	7.18	7.12	7.13	13443315	96226224.00
2018/02/14	7.13	7.15	7.08	7.10	14837920	105470032.00
2018/02/22	7.15	7.22	7.13	7.20	14098434	101265800.00
2018/02/23	7.21	7.22	7.17	7.21	10565883	76120904.00
2018/02/26	7.23	7.29	7.18	7.25	27343948	197932816.00
2018/02/27	7.27	7.28	7.18	7.25	20872157	150931936.00
2018/02/28	7.22	7.25	7.19	7.19	14988149	108092696.00
2018/03/01	7.17	7.21	7.15	7.19	11392125	81894096.00
2018/03/02	7.17	7.19	7.14	7.15	14815276	106103352.00
2018/03/05	7.15	7.18	7.12	7.13	11089618	79223440.00
2018/03/06	7.15	7.18	7.12	7.18	14028062	100422456.00
2018/03/07	7.17	7.25	7.17	7.19	20804552	149873344.00
2018/03/08	7.19	7.28	7.19	7.26	22773185	165071312.00
2018/03/09	7.25	7.26	7.22	7.26	17035914	123376784.00
2018/03/12	7.29	7.29	7.23	7.27	24326219	176493888.00
2018/03/13	7.27	7.27	7.20	7.20	19678155	142251920.00
2018/03/14	7.19	7.24	7.16	7.17	16884496	121370464.00
2018/03/15	7.14	7.18	7.12	7.15	15173864	108407000.00
2018/03/16	7.14	7.18	7.13	7.13	12479385	89226768.00
2018/03/19	7.12	7.14	7.10	7.10	13849621	98571384.00
2018/03/20	7.10	7.14	7.07	7.12	15433989	109622264.00
2018/03/21	7.12	7.17	7.10	7.11	16573649	118288584.00
2018/03/22	7.11	7.12	7.03	7.04	24414419	172414848.00
2018/03/23	6.97	6.97	6.60	6.71	48520858	330523552.00
2018/03/26	6.65	6.68	6.50	6.65	30380310	200312064.00
2018/03/27	6.71	6.77	6.70	6.72	23022997	154913520.00
2018/03/28	6.69	6.69	6.62	6.63	15656658	104181512.00
2018/03/29	6.64	6.71	6.63	6.70	11692485	78045400.00
2018/03/30	6.72	6.74	6.67	6.72	12703742	85193968.00
2018/04/02	6.74	6.75	6.69	6.70	16139709	108478256.00
2018/04/03	6.65	6.66	6.61	6.63	14105008	93525944.00
2018/04/04	6.64	6.72	6.62	6.66	13894735	92671688.00
2018/04/09	6.66	6.67	6.61	6.64	10576199	70228104.00
2018/04/10	6.65	6.70	6.61	6.70	13650739	90952440.00
2018/04/11	6.73	6.73	6.69	6.71	14377719	96454192.00
2018/04/12	6.71	6.71	6.66	6.67	11071139	73922704.00
2018/04/13	6.67	6.69	6.63	6.64	10614024	70687696.00
2018/04/16	6.63	6.64	6.55	6.56	14749927	97264336.00
2018/04/17	6.56	6.59	6.51	6.51	11653619	76354392.00
2018/04/18	6.53	6.56	6.45	6.52	17240616	111947200.00
2018/04/19	6.53	6.55	6.48	6.53	13102201	85512792.00
2018/04/20	6.52	6.52	6.32	6.35	25601464	164473920.00
2018/04/23	6.35	6.43	6.33	6.41	15235693	97443984.00
2018/04/24	6.43	6.58	6.42	6.56	19898842	129904392.00
数据来源:通达信
