601336 新华保险 日线 不复权
      日期	    开盘	    最高	    最低	    收盘	    成交量	    成交额
2011/12/16	25.00	26.80	24.90	26.44	117177275	3013978368.00
2011/12/19	26.21	27.49	26.00	26.96	52416127	1393215744.00
2011/12/20	27.10	27.59	26.65	26.88	27480230	744248000.00
2011/12/21	27.14	27.65	26.29	26.39	22180360	599846784.00
2011/12/22	25.96	27.20	25.56	26.80	14722866	386845504.00
2011/12/23	26.52	27.17	25.82	27.09	12658980	337348512.00
2011/12/26	26.71	27.32	26.49	26.71	7469975	200983856.00
2011/12/27	26.45	29.38	26.02	27.07	13944132	385938080.00
2011/12/28	26.47	27.42	25.13	27.12	10747748	284469280.00
2011/12/29	26.61	28.30	26.61	28.12	9982846	277077408.00
2011/12/30	27.97	28.69	27.80	27.87	11365897	320882272.00
2012/01/04	27.92	28.55	27.70	27.97	7659030	215469104.00
2012/01/05	27.94	28.42	26.88	27.10	8982348	248863760.00
2012/01/06	26.60	28.21	26.60	28.14	6134233	168226624.00
2012/01/09	28.09	29.55	27.61	29.38	6715869	192597712.00
2012/01/10	29.38	30.30	29.00	30.12	8405120	250574176.00
2012/01/11	29.95	30.20	29.10	29.87	4795160	142677152.00
2012/01/12	29.62	30.95	29.62	30.38	5555409	168174288.00
2012/01/13	30.48	30.58	28.95	29.87	4972570	147160096.00
2012/01/16	29.50	29.77	28.13	28.28	3600578	105667096.00
2012/01/17	28.58	30.92	28.50	30.87	9177673	271016896.00
2012/01/18	30.54	30.90	29.18	29.73	6458792	195056032.00
2012/01/19	29.73	30.60	29.37	30.21	3814065	115275976.00
2012/01/20	30.10	32.22	30.10	31.89	6631448	207219248.00
2012/01/30	31.79	31.79	30.20	30.25	5263418	162543296.00
2012/01/31	30.13	30.57	29.80	30.53	2167097	65397656.00
2012/02/01	30.25	30.75	29.77	29.97	4416194	133139480.00
2012/02/02	29.66	31.30	28.93	31.09	5974537	179946080.00
2012/02/03	30.70	31.35	30.70	31.06	5294399	164317440.00
2012/02/06	31.00	31.10	29.98	30.47	5162336	157284176.00
2012/02/07	30.01	30.27	28.91	29.14	7208458	211658384.00
2012/02/08	29.16	30.96	29.08	30.68	4550580	136481968.00
2012/02/09	30.55	30.66	29.90	30.20	4249277	128594912.00
2012/02/10	29.89	31.23	29.89	30.40	3018026	92335496.00
2012/02/13	30.00	30.75	29.53	29.97	3820403	114491592.00
2012/02/14	29.95	29.99	29.48	29.72	2226764	66015324.00
2012/02/15	29.55	30.45	29.51	30.45	3710523	111913352.00
2012/02/16	30.45	30.53	29.63	29.84	3153273	94630216.00
2012/02/17	30.04	30.35	29.30	29.68	2461452	73077104.00
2012/02/20	30.15	30.44	29.75	29.85	5729514	172375088.00
2012/02/21	29.85	30.12	29.41	30.11	2488423	74217784.00
2012/02/22	30.00	30.76	29.79	30.57	5367417	162679744.00
2012/02/23	30.69	30.99	30.43	30.96	3865792	118509160.00
2012/02/24	30.99	31.22	30.60	30.96	4352743	134237376.00
2012/02/27	31.00	31.85	30.30	30.55	6887152	214045872.00
2012/02/28	30.39	30.59	29.58	29.85	8992529	268844416.00
2012/02/29	29.35	30.03	29.29	29.77	4910929	145645712.00
2012/03/01	29.60	29.90	29.40	29.62	1946705	57723568.00
2012/03/02	29.62	30.56	29.62	30.33	4090656	123082672.00
2012/03/05	30.45	30.55	29.10	29.47	5854879	173724336.00
2012/03/06	29.10	29.56	28.71	29.15	6182373	180050416.00
2012/03/07	28.60	29.20	28.56	29.01	3134396	90863864.00
2012/03/08	29.29	29.38	29.00	29.14	2582684	75303880.00
2012/03/09	29.13	29.60	29.11	29.32	2058899	60520400.00
2012/03/12	29.32	29.49	28.81	29.03	1570745	45567008.00
2012/03/13	29.14	30.05	28.80	29.96	6105810	181115744.00
2012/03/14	30.26	30.33	28.98	29.24	4377537	129905360.00
2012/03/15	29.10	30.14	29.10	29.97	4979819	148035584.00
2012/03/16	29.80	31.28	29.30	30.79	10241240	306638272.00
2012/03/19	30.51	30.98	30.13	30.51	4939596	150344416.00
2012/03/21	30.08	30.28	29.10	29.40	4003654	119088632.00
2012/03/22	29.40	29.64	29.16	29.44	1626079	47761880.00
2012/03/23	29.39	29.39	28.70	28.91	2532278	73262648.00
2012/03/26	28.85	30.26	28.71	29.65	2862989	84921832.00
2012/03/27	29.66	29.90	29.40	29.73	1774739	52710940.00
2012/03/28	29.21	29.50	28.80	28.86	2704450	79020640.00
2012/03/29	28.50	29.58	27.80	28.92	3435151	98861016.00
2012/03/30	28.60	29.10	28.32	28.71	1631093	46626036.00
2012/04/05	28.88	29.88	28.35	29.50	2022148	59371148.00
2012/04/06	29.52	30.58	29.14	30.34	3553350	106491720.00
2012/04/09	30.00	30.40	29.53	30.28	2333434	70182152.00
2012/04/10	30.20	30.21	29.41	30.12	1776415	52908440.00
2012/04/11	29.71	30.50	29.70	29.99	1593883	47901008.00
2012/04/12	29.80	31.30	29.65	30.99	4991775	152917904.00
2012/04/13	30.98	31.78	30.80	31.16	4995640	156366576.00
2012/04/16	31.03	31.33	30.71	31.08	1246302	38762496.00
2012/04/17	31.00	31.30	30.00	30.16	1656898	50343904.00
2012/04/18	30.28	31.26	29.83	30.91	3668675	112448968.00
2012/04/19	30.90	33.80	30.70	33.50	13419788	442018400.00
2012/04/20	33.40	35.40	33.01	35.35	12835633	440259488.00
2012/04/23	35.02	35.80	34.55	34.97	7900300	277029376.00
2012/04/24	34.30	36.48	33.80	35.21	11402995	402033856.00
2012/04/25	34.86	35.50	34.30	34.92	7274749	252845248.00
2012/04/26	34.71	35.39	33.77	34.16	6903373	237237072.00
2012/04/27	34.31	34.57	33.61	33.97	5818495	198031216.00
2012/05/02	34.34	36.50	34.28	34.84	8111518	285067840.00
2012/05/03	34.79	35.46	34.50	34.99	4846766	169527808.00
2012/05/04	34.75	35.30	34.66	34.96	2967949	103745776.00
2012/05/07	34.79	34.80	33.50	34.04	5132456	174645712.00
2012/05/08	33.88	34.12	33.30	33.60	3441561	115656872.00
2012/05/09	33.25	34.00	33.18	33.67	3105569	104715616.00
2012/05/10	33.50	33.95	33.25	33.62	2562560	86055016.00
2012/05/11	33.55	33.80	33.00	33.16	2493758	83364320.00
2012/05/14	33.45	33.45	32.42	32.47	5424079	178845056.00
2012/05/15	32.08	33.20	32.00	33.08	7197941	235427376.00
2012/05/16	32.91	33.07	32.51	32.63	5248614	172178640.00
2012/05/17	32.60	33.95	32.41	33.83	6218093	207440880.00
2012/05/18	33.41	33.80	32.72	33.15	3887418	129228952.00
2012/05/21	33.03	33.43	32.55	33.08	2093999	69087200.00
2012/05/22	33.38	33.84	32.99	33.67	3138517	104881152.00
2012/05/23	33.60	33.66	33.18	33.55	2692569	90088992.00
2012/05/24	33.40	34.00	32.73	32.80	2792880	93020064.00
2012/05/25	32.62	32.82	31.48	31.79	3434584	110137632.00
2012/05/28	31.75	32.48	31.60	32.18	2105938	67517248.00
2012/05/29	32.03	33.60	31.56	33.13	5801882	191087280.00
2012/05/30	32.95	33.12	32.61	32.85	2015812	66147328.00
2012/05/31	32.40	32.83	32.20	32.71	1714607	55810868.00
2012/06/01	32.71	33.38	32.68	32.78	3416668	112795416.00
2012/06/04	32.00	32.46	30.89	30.91	4995087	158066928.00
2012/06/05	30.98	31.40	30.60	31.15	3345473	103852720.00
2012/06/06	31.20	31.28	30.15	30.38	3986861	122610288.00
2012/06/07	30.80	31.00	30.03	30.45	4586035	139679648.00
2012/06/08	30.51	30.99	30.25	30.71	5802584	178239872.00
2012/06/11	30.72	31.63	30.72	31.31	5339428	166421120.00
2012/06/12	31.29	31.85	31.18	31.35	4807865	151533088.00
2012/06/13	31.25	34.49	31.15	34.49	10005219	329715040.00
2012/06/14	34.70	35.96	34.70	35.27	11813902	418142176.00
2012/06/15	35.30	36.32	34.56	35.61	9988410	353726272.00
2012/06/18	35.58	35.58	34.61	35.13	6985234	244516736.00
2012/06/19	35.04	35.55	34.71	35.24	6291083	221196016.00
2012/06/21	34.99	34.99	33.29	34.07	8617707	291664256.00
2012/06/25	33.97	34.06	32.43	32.58	6746679	221560240.00
2012/06/26	32.18	33.24	32.10	32.72	5530478	181259840.00
2012/06/27	32.77	32.99	32.42	32.71	6355733	208357408.00
2012/06/28	32.50	33.56	32.50	32.81	5739792	189492992.00
2012/06/29	32.40	35.10	32.40	34.24	8289938	281563488.00
2012/07/02	34.08	35.58	33.73	35.53	8920628	307705696.00
2012/07/03	35.40	36.20	34.76	35.05	7077571	250579536.00
2012/07/04	34.99	35.35	34.00	34.20	5391825	185352944.00
2012/07/05	33.90	34.80	33.60	34.42	5625472	192011008.00
2012/07/06	34.80	35.49	33.90	35.19	5951732	207573968.00
2012/07/09	34.83	35.70	33.95	33.99	4651754	161226960.00
2012/07/10	33.98	35.08	33.50	33.85	4404026	151306256.00
2012/07/11	33.78	34.09	32.90	33.53	4905063	164173760.00
2012/07/12	33.53	34.60	32.62	34.23	7524724	252608656.00
2012/07/13	33.80	34.79	33.65	34.10	3226436	110451608.00
2012/07/16	34.09	34.38	32.22	32.52	3937698	130682056.00
2012/07/17	32.51	33.20	32.31	32.96	3653938	119707400.00
2012/07/18	33.16	33.59	31.91	32.97	3530269	115794544.00
2012/07/19	32.60	35.80	32.35	34.58	8974501	309379200.00
2012/07/20	34.30	34.59	33.60	33.87	4850593	165269120.00
2012/07/23	33.50	33.60	32.50	33.05	4109680	135660144.00
2012/07/24	32.99	34.09	32.60	33.90	3943700	132227664.00
2012/07/25	33.51	34.20	33.30	33.45	2541253	85874688.00
2012/07/26	33.45	33.85	32.90	33.19	4083011	135901648.00
2012/07/27	33.32	33.49	31.93	32.25	5903255	192130064.00
2012/07/30	32.02	32.45	30.19	30.64	7557272	233500480.00
2012/07/31	30.40	31.35	30.40	31.00	5468330	169326768.00
2012/08/01	30.70	31.59	30.63	31.08	3716944	115665424.00
2012/08/02	30.88	31.24	30.60	30.83	3562896	109905088.00
2012/08/03	31.03	31.10	29.22	30.14	7867515	234569120.00
2012/08/06	30.00	31.08	29.51	30.74	6394265	193487312.00
2012/08/07	30.47	30.83	29.84	30.21	7030412	213533120.00
2012/08/08	30.20	30.66	29.98	30.52	5557163	168529248.00
2012/08/09	30.32	30.62	29.72	30.53	5261925	158935328.00
2012/08/10	30.49	31.41	30.32	30.88	5618810	173815264.00
2012/08/13	30.71	30.86	28.00	28.40	7909834	232980128.00
2012/08/14	28.64	28.64	26.87	27.47	10391171	283839616.00
2012/08/15	27.48	27.69	27.12	27.28	4485520	122717352.00
2012/08/16	27.00	27.02	26.38	26.50	2896682	77043440.00
2012/08/17	26.50	27.09	25.60	27.06	7268520	190766544.00
2012/08/20	26.40	27.00	25.86	26.64	3978679	104514968.00
2012/08/21	26.50	27.33	26.21	26.80	4915860	132595552.00
2012/08/22	26.65	27.15	26.65	26.98	3549605	95646128.00
2012/08/23	27.00	27.15	26.61	27.01	2866513	77319200.00
2012/08/24	27.02	27.05	26.46	26.47	1993586	53207656.00
2012/08/27	26.41	26.41	25.00	25.04	3461747	88824768.00
2012/08/28	24.99	25.46	24.80	25.30	5710295	143264416.00
2012/08/29	25.05	25.44	24.71	24.77	2716196	68072224.00
2012/08/30	24.55	26.00	24.55	25.61	7312947	185731152.00
2012/08/31	25.50	26.17	25.39	25.67	4819044	124160216.00
2012/09/03	25.45	27.04	25.40	26.66	7451341	197695840.00
2012/09/04	26.72	26.74	26.26	26.34	3244417	85789136.00
2012/09/05	26.16	26.45	25.51	25.70	5840317	151716880.00
2012/09/06	25.69	26.58	25.69	26.30	4756561	124566344.00
2012/09/07	26.70	28.51	26.70	27.84	11015504	304136032.00
2012/09/10	27.70	28.00	27.20	27.80	5989856	165508192.00
2012/09/11	27.70	27.70	26.60	26.96	8226701	221597280.00
2012/09/12	27.28	27.40	26.38	26.88	5263828	141607632.00
2012/09/13	26.86	27.67	26.63	27.57	10402331	283319488.00
2012/09/14	27.49	27.84	26.96	27.23	6117741	167734928.00
2012/09/17	27.05	27.05	25.20	25.29	8626605	223332976.00
2012/09/18	24.99	25.40	24.76	24.99	4985423	124362752.00
2012/09/19	25.03	25.19	24.54	24.68	8001085	198248672.00
2012/09/20	24.50	24.50	22.53	22.91	15564263	360428576.00
2012/09/21	22.59	22.88	22.23	22.34	6523752	146776592.00
2012/09/24	22.18	23.09	21.81	22.84	7077540	160418944.00
2012/09/25	22.70	23.30	22.62	23.00	5150154	118832784.00
2012/09/26	22.93	23.36	22.75	23.08	3885705	89405064.00
2012/09/27	22.99	24.51	22.90	24.07	8021338	191752976.00
2012/09/28	23.81	24.84	23.77	24.51	6278119	153230912.00
2012/10/08	24.51	25.15	24.07	24.45	5613199	139042144.00
2012/10/09	24.68	25.16	24.60	24.97	5230873	130493320.00
2012/10/10	24.75	25.03	24.40	24.59	5277571	129989248.00
2012/10/11	24.50	24.50	23.25	23.31	7394992	175130576.00
2012/10/12	23.37	23.76	22.59	23.02	7312531	168028288.00
2012/10/15	23.02	23.29	22.82	23.22	4231083	97753592.00
2012/10/16	23.27	23.69	23.06	23.24	4872399	113786840.00
2012/10/17	23.35	23.42	22.28	22.55	10052708	227353008.00
2012/10/18	22.58	23.15	22.32	22.98	7348867	167000960.00
2012/10/19	22.90	23.41	22.81	23.21	6913404	160372464.00
2012/10/22	22.99	23.22	22.80	23.20	4517679	103898848.00
2012/10/23	23.41	23.76	23.16	23.17	6093126	142896992.00
2012/10/24	23.00	23.35	22.90	23.22	3023022	70059296.00
2012/10/25	23.30	23.48	22.92	23.00	3633067	84036248.00
2012/10/26	23.00	23.20	22.00	22.09	4569400	102393688.00
2012/10/29	22.09	22.25	21.50	21.73	2819516	61583512.00
2012/10/30	21.69	22.14	21.69	21.99	3234658	71095880.00
2012/10/31	21.80	22.34	21.69	21.91	4713414	103570528.00
2012/11/01	21.90	22.85	21.90	22.59	7081073	159518768.00
2012/11/02	22.58	22.76	22.30	22.66	3166440	71346744.00
2012/11/05	22.54	22.82	22.40	22.58	2615113	59023400.00
2012/11/06	22.55	22.67	21.91	22.62	4691892	104867992.00
2012/11/07	22.82	22.82	22.22	22.31	2431701	54479872.00
2012/11/08	22.08	22.19	21.55	21.60	2993686	65519880.00
2012/11/09	21.54	21.86	21.49	21.67	2548635	55339856.00
2012/11/12	21.71	21.88	21.66	21.87	2052781	44716032.00
2012/11/13	21.87	21.88	21.35	21.43	2426829	52200472.00
2012/11/14	21.47	21.50	21.19	21.25	2496405	53188200.00
2012/11/15	21.20	21.68	20.68	21.30	6675322	141863424.00
2012/11/16	21.12	21.15	20.61	20.85	2289316	47650872.00
2012/11/19	20.84	20.84	20.16	20.59	2170347	44546684.00
2012/11/20	20.60	20.75	20.11	20.12	2460758	49993668.00
2012/11/21	20.20	20.51	19.94	20.50	2699753	54729832.00
2012/11/22	20.36	20.40	20.17	20.22	1584852	32094656.00
2012/11/23	20.25	20.75	20.10	20.64	4381134	90097512.00
2012/11/26	20.48	20.53	19.97	20.12	3107170	62504260.00
2012/11/27	20.03	20.10	19.12	19.28	3045668	59191696.00
2012/11/28	19.15	19.18	17.98	17.99	7320385	134379824.00
2012/11/29	18.00	18.20	17.85	17.95	4409395	79566840.00
2012/11/30	17.85	18.53	17.63	18.48	4885350	88929184.00
2012/12/03	18.30	19.70	18.20	18.97	12442281	238274928.00
2012/12/04	18.93	19.80	18.75	19.72	5486000	105797496.00
2012/12/05	19.57	21.69	19.37	21.69	18986840	404575680.00
2012/12/06	21.40	21.65	21.17	21.32	7660599	163685456.00
2012/12/07	21.18	22.37	21.10	22.02	10568718	231624768.00
2012/12/10	21.83	22.49	21.52	22.18	7040433	154866416.00
2012/12/11	21.93	22.09	21.69	21.88	4816165	105297528.00
2012/12/12	21.76	22.05	21.35	21.95	5699521	123429936.00
2012/12/13	21.88	21.95	21.47	21.50	3437010	74357512.00
2012/12/14	21.30	23.65	21.30	23.65	10307278	236626912.00
2012/12/17	23.31	25.85	23.31	25.20	17783428	442835776.00
2012/12/18	24.80	25.65	24.51	25.19	7962541	198286432.00
2012/12/19	25.00	25.15	24.65	24.95	5505835	137313408.00
2012/12/20	24.95	26.44	24.51	26.37	9589668	242585760.00
2012/12/21	26.00	27.40	25.61	26.41	12598013	333441344.00
2012/12/24	26.20	26.56	25.84	26.32	5605523	147105712.00
2012/12/25	25.92	27.10	25.88	26.66	6967089	186118352.00
2012/12/26	26.50	27.00	26.00	26.67	4169709	110236792.00
2012/12/27	26.62	26.92	25.38	25.47	8758264	226957712.00
2012/12/28	25.33	26.25	25.10	26.20	6834439	176768432.00
2012/12/31	26.00	28.82	26.00	28.82	12813589	358484224.00
2013/01/04	29.01	31.00	27.95	28.87	16876727	491417824.00
2013/01/07	28.32	28.89	27.68	28.60	6198221	175678448.00
2013/01/08	28.42	28.58	27.39	27.84	9817120	272416032.00
2013/01/09	27.83	28.33	27.51	28.03	5868133	164048240.00
2013/01/10	27.75	28.68	27.68	27.78	6542076	184107712.00
2013/01/11	27.83	28.03	26.78	26.92	5552499	152410928.00
2013/01/14	26.73	28.76	26.53	28.12	10925108	305878176.00
2013/01/15	28.05	29.22	27.91	29.18	11432510	326827520.00
2013/01/16	28.80	29.20	27.90	28.52	7597132	216322864.00
2013/01/17	28.10	28.46	27.70	28.00	4158368	116639440.00
2013/01/18	28.20	28.65	27.35	28.02	6196024	173751424.00
2013/01/21	28.05	28.05	26.69	27.52	9863102	268067584.00
2013/01/22	27.35	28.19	27.19	27.33	6981626	193292208.00
2013/01/23	27.00	27.30	26.36	27.00	5547273	148424224.00
2013/01/24	27.13	28.88	26.65	27.18	12469951	344454496.00
2013/01/25	27.29	27.29	25.77	25.99	8183879	214847232.00
2013/01/28	25.82	26.96	25.80	26.95	12489549	330264832.00
2013/01/29	27.08	27.95	26.63	27.60	15976174	437422400.00
2013/01/30	27.50	29.18	27.45	28.48	19394222	552729408.00
2013/01/31	28.53	29.05	27.80	28.57	14318781	407827712.00
2013/02/01	28.28	31.43	28.05	31.43	24420956	734971328.00
2013/02/04	31.58	32.36	30.55	30.87	22909955	720604928.00
2013/02/05	30.14	30.80	29.47	30.45	14095417	424228512.00
2013/02/06	30.37	31.30	29.90	30.00	15654244	480721088.00
2013/02/07	29.65	29.84	28.71	29.18	15152237	440772736.00
2013/02/08	29.13	29.28	28.60	28.97	9676150	280333440.00
2013/02/18	29.36	29.55	28.25	28.30	12321593	357126496.00
2013/02/19	28.11	28.75	27.53	28.40	10867363	306191040.00
2013/02/20	28.30	28.44	27.75	28.30	7431493	208552080.00
2013/02/21	27.96	27.96	26.30	27.19	12673009	343517280.00
2013/02/22	26.99	27.25	26.49	26.69	5544664	149010768.00
2013/02/25	26.85	27.28	26.10	26.53	11815072	312634368.00
2013/02/26	26.20	27.13	26.01	26.16	12448193	331181664.00
2013/02/27	26.38	27.30	26.27	27.24	12203879	326754912.00
2013/02/28	27.31	28.16	26.81	27.99	15006433	413150144.00
2013/03/01	27.78	27.90	26.60	26.93	17543039	476159392.00
2013/03/04	26.20	26.20	24.24	24.41	16272816	405272576.00
2013/03/05	24.50	25.49	24.34	25.26	11438152	284488864.00
2013/03/06	25.35	25.85	25.18	25.52	9530197	243447200.00
2013/03/07	25.30	25.40	24.53	24.91	7488806	186940496.00
2013/03/08	24.99	25.58	24.75	25.20	8710096	219564320.00
2013/03/11	24.93	25.15	24.11	24.54	6852882	169318400.00
2013/03/12	24.55	25.19	24.37	25.05	9857890	245201696.00
2013/03/13	24.81	25.09	24.46	24.50	5837761	144147232.00
2013/03/14	24.46	24.58	23.79	24.17	7726463	186751088.00
2013/03/15	24.00	25.05	23.45	24.13	14723732	355585312.00
2013/03/18	23.75	23.93	22.90	23.01	9416489	219999424.00
2013/03/19	23.10	23.58	22.92	23.46	6433826	149494912.00
2013/03/20	23.40	24.93	23.31	24.86	14468241	350948864.00
2013/03/21	24.79	24.80	24.10	24.38	18275481	446349184.00
2013/03/22	24.29	24.59	24.10	24.43	7112901	173379056.00
2013/03/25	24.47	24.77	23.90	23.97	6488108	157255504.00
2013/03/26	23.89	23.90	22.91	23.04	9213129	213773808.00
2013/03/27	23.07	23.55	22.88	23.10	7735076	179542368.00
2013/03/28	22.50	22.50	21.33	21.74	9947724	216892128.00
2013/03/29	21.75	22.16	21.75	21.90	5986711	131677552.00
2013/04/01	21.98	22.35	21.81	22.18	5550732	122736984.00
2013/04/02	22.18	22.85	22.10	22.29	6131235	137268784.00
2013/04/03	22.49	22.74	22.20	22.42	5682753	127702624.00
2013/04/08	21.70	22.34	21.55	22.28	5579237	122382584.00
2013/04/09	22.28	23.29	22.28	23.11	11747703	269461152.00
2013/04/10	23.04	23.48	22.75	23.40	10862412	251989568.00
2013/04/11	23.55	23.76	23.02	23.03	5730188	133719840.00
2013/04/12	22.91	23.37	22.80	22.82	3900073	89748584.00
2013/04/15	22.75	22.87	22.49	22.80	4271342	96995192.00
2013/04/16	22.48	24.43	22.36	24.36	14531707	343960928.00
2013/04/17	24.10	24.48	23.81	24.46	10576201	255426752.00
2013/04/18	24.25	25.04	24.05	24.70	10433726	257133424.00
2013/04/19	24.74	25.49	24.66	25.19	12519086	313483296.00
2013/04/22	24.80	24.85	24.22	24.57	11896335	291821344.00
2013/04/23	24.55	24.59	23.03	23.05	8796815	209191840.00
2013/04/24	23.10	24.25	23.00	23.83	9172924	216436112.00
2013/04/25	23.68	24.28	23.23	23.83	7303724	173631120.00
2013/04/26	23.84	24.52	23.80	24.01	7607198	183954608.00
2013/05/02	24.03	24.99	23.65	24.44	8143524	199537904.00
2013/05/03	24.64	25.35	24.27	24.90	10768805	269925152.00
2013/05/06	25.02	25.41	24.70	25.11	9510632	238270800.00
2013/05/07	25.00	25.14	24.67	24.91	6324906	157327808.00
2013/05/08	25.18	25.40	24.75	24.91	7296766	182580848.00
2013/05/09	24.81	24.96	23.90	24.23	10612036	257037872.00
2013/05/10	24.19	24.55	24.02	24.39	5818203	141533696.00
2013/05/13	24.48	24.53	23.89	23.96	5544296	133808984.00
2013/05/14	23.95	23.95	23.12	23.18	6182535	144579504.00
2013/05/15	23.18	23.48	23.18	23.37	3150760	73398168.00
2013/05/16	23.38	24.45	22.90	24.39	10647401	255423280.00
2013/05/17	24.45	24.91	24.03	24.79	9384810	229787536.00
2013/05/20	24.70	25.50	24.60	25.05	11838053	297577856.00
2013/05/21	24.82	25.12	24.73	24.90	6614472	164607872.00
2013/05/22	24.92	25.56	24.91	25.19	9608194	242396400.00
2013/05/23	25.01	25.06	24.21	24.26	10689035	262985056.00
2013/05/24	24.42	24.70	24.19	24.44	4898895	119692488.00
2013/05/27	24.03	24.73	24.01	24.19	6030652	146587952.00
2013/05/28	24.19	25.49	24.13	25.47	13682943	340344640.00
2013/05/29	25.47	25.64	25.23	25.36	10126915	257230608.00
2013/05/30	25.12	25.63	24.77	25.02	9539056	240018576.00
2013/05/31	25.03	25.34	24.65	24.84	7090400	177359088.00
2013/06/03	24.92	25.23	24.67	24.93	6306290	157309888.00
2013/06/04	24.72	24.85	24.00	24.18	8909051	216246016.00
2013/06/05	24.19	24.30	23.70	23.89	6181662	148117696.00
2013/06/06	23.78	23.90	23.30	23.36	6214081	146249008.00
2013/06/07	23.36	23.53	22.25	22.43	9814273	223783728.00
2013/06/13	22.00	22.00	20.90	21.52	9751100	208832336.00
2013/06/14	21.62	21.79	21.45	21.66	5660417	122449360.00
2013/06/17	22.40	22.93	22.25	22.76	15037744	340261408.00
2013/06/18	22.82	23.13	22.60	22.82	8929627	203979408.00
2013/06/19	22.60	22.69	22.14	22.62	6150667	137618368.00
2013/06/20	22.40	23.28	22.11	22.81	10716703	243262672.00
2013/06/21	22.40	25.09	22.15	24.81	28389248	690236224.00
2013/06/24	24.48	24.73	23.38	24.00	28240414	680504320.00
2013/06/25	23.56	25.19	21.60	25.09	39385224	945527680.00
2013/06/26	24.69	24.95	24.01	24.63	25079757	614726784.00
2013/06/27	24.56	25.05	23.57	24.07	23523854	573715008.00
2013/06/28	23.69	24.88	23.10	24.71	21228964	515459712.00
2013/07/01	24.37	24.66	23.82	24.44	14031028	341230432.00
2013/07/02	24.32	24.63	23.96	24.41	11810313	286805408.00
2013/07/03	24.15	24.20	22.93	23.01	15702635	366605920.00
2013/07/04	22.50	23.45	22.30	22.87	11850871	271820544.00
2013/07/05	22.88	23.50	22.88	22.93	8865470	205311568.00
2013/07/08	22.50	22.50	21.70	21.97	9674938	213833600.00
2013/07/09	21.97	22.15	21.50	21.85	7063606	154129952.00
2013/07/10	21.76	22.85	21.76	22.83	10726210	240125296.00
2013/07/11	22.66	25.00	22.65	24.43	26460104	638747200.00
2013/07/12	24.00	24.25	23.33	23.35	16194026	386412480.00
2013/07/15	23.50	24.49	23.00	23.75	14643489	347941312.00
2013/07/16	23.50	23.69	23.01	23.54	9979345	232826832.00
2013/07/17	23.31	23.90	23.21	23.23	8797296	207123520.00
2013/07/18	23.02	23.20	22.36	22.40	8709237	197223472.00
2013/07/19	22.43	22.69	21.97	21.99	7739499	172785472.00
2013/07/22	21.80	22.35	21.55	22.33	5866587	129552416.00
2013/07/23	22.48	23.23	22.16	22.79	10368712	236471008.00
2013/07/24	22.50	22.68	21.96	22.32	8979684	199912224.00
2013/07/25	22.43	22.73	22.15	22.37	6331688	142254912.00
2013/07/26	22.15	22.32	21.98	22.16	5382751	118857864.00
2013/07/29	21.88	21.88	21.50	21.55	6573750	142182240.00
2013/07/30	21.60	22.68	21.55	22.06	8629504	191359648.00
2013/07/31	22.30	22.60	22.03	22.09	5856070	130462816.00
2013/08/01	22.33	22.88	22.12	22.86	9183616	206727264.00
2013/08/02	23.00	23.10	22.43	22.46	7020098	159316352.00
2013/08/05	22.46	22.95	22.38	22.93	7181199	163001840.00
2013/08/06	22.80	23.07	22.45	22.87	8000130	181968304.00
2013/08/07	22.73	23.08	22.45	22.51	6578117	149768144.00
2013/08/08	22.38	22.89	22.28	22.42	5063598	113943904.00
2013/08/09	22.60	22.68	22.00	22.28	5783740	129249032.00
2013/08/12	22.40	23.20	22.25	23.19	13051482	298518336.00
2013/08/13	23.10	23.33	22.91	23.21	8816932	204144304.00
2013/08/14	23.22	23.89	22.98	23.18	12604882	295571552.00
2013/08/15	23.00	23.32	22.91	22.95	5365036	123848264.00
2013/08/16	22.80	24.99	22.65	22.98	16673283	392316384.00
2013/08/19	22.38	23.18	22.21	22.83	7181972	162991184.00
2013/08/20	22.81	23.17	22.50	22.62	6582297	150121584.00
2013/08/21	22.76	23.43	22.41	22.98	7873653	180552880.00
2013/08/22	22.80	23.34	22.75	22.98	4898277	113078360.00
2013/08/23	23.18	23.29	22.50	22.71	6619051	151855344.00
2013/08/26	22.98	23.50	22.70	23.34	7420653	172007408.00
2013/08/27	23.30	23.39	22.93	23.20	6723593	155400240.00
2013/08/28	22.80	22.98	22.52	22.63	9329431	211637584.00
2013/08/29	22.75	22.88	22.38	22.48	4747953	107055744.00
2013/08/30	22.50	23.30	22.47	22.80	10396634	238284288.00
2013/09/02	22.88	23.05	22.61	22.80	6340569	144944784.00
2013/09/03	22.89	23.34	22.80	23.22	9574397	221640480.00
2013/09/04	23.20	23.22	22.86	22.99	6116416	140710576.00
2013/09/05	23.00	23.06	22.78	22.80	4767359	109115736.00
2013/09/06	22.70	23.10	22.66	22.85	4244014	97032728.00
2013/09/09	22.80	24.94	22.80	23.98	24694949	591119296.00
2013/09/10	23.96	24.20	23.62	24.16	11766646	280929696.00
2013/09/11	24.80	26.19	24.68	24.71	29152204	737825728.00
2013/09/12	24.50	25.84	24.45	25.28	21427515	541851520.00
2013/09/13	25.40	26.07	24.79	24.97	15359407	390385024.00
2013/09/16	25.30	25.57	24.81	25.32	10481361	264242512.00
2013/09/17	25.28	25.95	25.00	25.08	13852752	353892224.00
2013/09/18	24.90	25.08	23.97	24.39	10012580	244150272.00
2013/09/23	24.45	24.57	24.04	24.52	6072131	147731072.00
2013/09/24	24.35	24.36	23.48	23.67	10736466	255238096.00
2013/09/25	23.61	23.92	23.22	23.42	7093440	167002672.00
2013/09/26	23.30	23.36	22.58	22.78	8460715	193473952.00
2013/09/27	22.77	22.97	22.51	22.95	6257804	142425392.00
2013/09/30	23.06	23.16	22.63	22.79	5446753	124088440.00
2013/10/08	22.60	23.07	22.30	22.95	5952846	135894272.00
2013/10/09	22.86	23.25	22.70	23.15	6048918	139415760.00
2013/10/10	23.21	23.25	22.54	22.62	6288216	143326112.00
2013/10/11	22.79	23.17	22.78	23.05	7042513	161970560.00
2013/10/14	23.07	23.56	22.80	23.36	10455905	242690560.00
2013/10/15	23.49	23.49	22.91	23.07	6999666	161711600.00
2013/10/16	22.95	22.95	22.42	22.59	5395794	122154016.00
2013/10/17	22.63	22.79	22.37	22.40	3895251	87900848.00
2013/10/18	22.44	22.77	22.31	22.61	4140876	93588688.00
2013/10/21	22.61	22.89	22.43	22.83	5316461	120588272.00
2013/10/22	22.83	22.84	22.41	22.55	5617661	126946744.00
2013/10/23	22.60	23.02	22.36	22.52	5977033	135514432.00
2013/10/24	22.48	22.56	22.03	22.09	4672174	104256448.00
2013/10/25	22.21	22.48	21.87	22.04	4495070	99532952.00
2013/10/28	22.18	22.29	21.78	21.97	3650200	80303568.00
2013/10/29	21.97	22.62	21.85	22.30	8339488	185728208.00
2013/10/30	22.28	22.55	22.13	22.54	5339356	119354440.00
2013/10/31	22.68	22.92	22.48	22.55	7734946	175466768.00
2013/11/01	22.60	23.10	22.44	22.88	7286614	166406608.00
2013/11/04	23.00	23.10	22.61	22.68	4849990	110547168.00
2013/11/05	22.58	22.62	22.10	22.57	4752256	106385920.00
2013/11/06	22.49	22.58	22.27	22.28	3113353	69774064.00
2013/11/07	22.39	22.65	22.23	22.46	4250919	95507992.00
2013/11/08	22.37	22.45	21.98	22.01	3798102	84302400.00
2013/11/11	22.01	22.17	21.83	22.04	2783338	61256864.00
2013/11/12	22.20	22.60	22.11	22.58	5288024	118608416.00
2013/11/13	22.40	22.40	21.96	22.08	3914564	86630184.00
2013/11/14	22.26	22.27	21.98	22.16	3392858	75151192.00
2013/11/15	22.11	23.10	22.08	22.86	13379470	305430592.00
2013/11/18	22.95	25.08	22.93	24.93	27054273	650124672.00
2013/11/19	24.77	25.10	24.20	24.37	19868341	487517088.00
2013/11/20	24.60	24.75	24.05	24.36	10267998	249485632.00
2013/11/21	24.05	24.05	23.20	23.59	12911530	304614528.00
2013/11/22	23.60	24.08	23.43	23.59	8632560	205303344.00
2013/11/25	23.50	24.40	23.33	23.60	10786240	257716496.00
2013/11/26	23.68	23.76	23.34	23.46	6462787	152049296.00
2013/11/27	23.48	24.36	23.40	24.00	11578665	277268864.00
2013/11/28	23.93	24.73	23.92	24.24	13297034	324628896.00
2013/11/29	24.24	24.36	23.97	24.10	6121157	147574704.00
2013/12/02	23.78	24.99	23.68	24.54	21644683	528698944.00
2013/12/03	24.17	24.83	24.01	24.75	11915740	291351936.00
2013/12/04	24.55	25.10	24.49	24.81	15826993	394363616.00
2013/12/05	24.81	25.07	24.55	24.77	10426965	259276208.00
2013/12/06	24.62	24.85	24.00	24.13	10212082	248423056.00
2013/12/09	24.50	24.74	24.24	24.42	8785348	214918240.00
2013/12/10	24.49	24.60	24.14	24.25	5751811	139996464.00
2013/12/11	24.02	24.09	23.55	23.65	6276603	148938976.00
2013/12/12	23.55	23.75	23.28	23.56	5209175	122476424.00
2013/12/13	23.20	23.74	23.11	23.68	5897450	138517072.00
2013/12/16	23.67	23.89	23.45	23.64	6345999	150247824.00
2013/12/17	23.73	23.73	23.12	23.30	4941678	115497552.00
2013/12/18	23.31	23.50	22.96	23.04	6422703	149396640.00
2013/12/19	23.18	23.38	22.87	22.91	5384171	124321880.00
2013/12/20	22.91	22.98	22.21	22.27	6548520	147226976.00
2013/12/23	22.30	22.77	22.21	22.48	4597272	103476888.00
2013/12/24	22.63	22.86	22.38	22.56	4259478	96305304.00
2013/12/25	22.60	22.71	22.45	22.61	4827966	109039424.00
2013/12/26	22.52	22.64	22.25	22.27	3814476	85596720.00
2013/12/27	22.27	22.93	22.27	22.80	6741123	152988688.00
2013/12/30	22.98	23.05	22.66	22.72	4696300	107034760.00
2013/12/31	22.55	23.12	22.50	22.88	5847643	133762816.00
2014/01/02	22.72	22.86	22.50	22.61	4845790	109552752.00
2014/01/03	22.43	22.49	21.98	22.07	7340641	162684032.00
2014/01/06	22.07	22.08	21.58	21.76	6654374	144482816.00
2014/01/07	21.70	21.96	21.59	21.71	3815406	83013024.00
2014/01/08	21.83	22.11	21.64	21.93	4982687	109002976.00
2014/01/09	21.86	22.10	21.66	21.68	5003013	109281208.00
2014/01/10	21.68	21.85	21.50	21.70	3375201	73002320.00
2014/01/13	21.75	21.91	21.54	21.59	3817041	82734304.00
2014/01/14	21.61	21.98	21.52	21.93	3872695	84335976.00
2014/01/15	21.90	21.90	21.56	21.78	2811142	61056944.00
2014/01/16	21.78	22.26	21.73	22.08	8707187	192062816.00
2014/01/17	21.92	22.00	21.48	21.57	7896063	170741872.00
2014/01/20	21.50	21.61	21.35	21.40	4026672	86502160.00
2014/01/21	21.48	21.81	21.40	21.52	5294521	114321808.00
2014/01/22	21.61	22.05	21.50	22.02	7510565	164221488.00
2014/01/23	22.00	22.25	21.91	22.23	10689529	236000768.00
2014/01/24	22.11	22.30	22.04	22.08	5567414	123362448.00
2014/01/27	21.85	21.95	21.47	21.54	5450401	117815232.00
2014/01/28	21.69	21.85	21.61	21.81	3045276	66232180.00
2014/01/29	21.88	21.90	21.69	21.78	2943936	64142988.00
2014/01/30	21.72	21.84	21.50	21.53	2851986	61566500.00
2014/02/07	21.57	21.57	21.19	21.36	4346398	92547168.00
2014/02/10	21.45	21.99	21.45	21.89	7657094	166728208.00
2014/02/11	21.76	22.47	21.69	22.04	10864659	239930000.00
2014/02/12	22.08	22.24	21.88	21.94	9362392	205931136.00
2014/02/13	21.98	22.16	21.73	21.88	11937728	261759040.00
2014/02/14	21.88	22.18	21.85	22.15	8658580	190573904.00
2014/02/17	22.35	22.47	22.16	22.28	11331924	252913424.00
2014/02/18	22.30	22.30	21.78	21.91	9953599	218645856.00
2014/02/19	21.89	22.65	21.75	22.44	14115132	314009728.00
2014/02/20	22.52	22.85	22.16	22.34	12583179	283047008.00
2014/02/21	22.26	22.45	22.03	22.22	7312193	162687296.00
2014/02/24	21.93	21.96	21.56	21.64	8032305	174593056.00
2014/02/25	21.70	21.79	21.22	21.31	6220980	134094504.00
2014/02/26	21.20	21.53	21.18	21.44	4034465	86127312.00
2014/02/27	21.50	21.75	21.20	21.46	7255394	155327808.00
2014/02/28	21.25	21.71	21.03	21.53	7519974	160710304.00
2014/03/03	21.40	21.52	21.19	21.38	6390298	136236384.00
2014/03/04	21.23	21.47	21.13	21.32	5061870	107706792.00
2014/03/05	21.43	21.47	21.07	21.17	4577762	97339064.00
2014/03/06	21.18	21.43	20.68	21.28	8467505	178681872.00
2014/03/07	21.20	21.42	20.91	20.99	7431038	157441936.00
2014/03/10	20.80	20.80	19.95	19.96	7436888	151318896.00
2014/03/11	19.96	20.00	19.60	19.80	4930126	97481016.00
2014/03/12	19.71	20.30	19.65	20.03	4610955	91787848.00
2014/03/13	20.11	20.45	19.93	20.04	4917172	98976168.00
2014/03/14	19.92	20.03	19.70	19.77	3355595	66550684.00
2014/03/17	19.92	19.94	19.76	19.92	2961319	58824884.00
2014/03/18	19.95	20.02	19.80	19.81	3518565	69956712.00
2014/03/19	19.81	19.81	19.29	19.49	4961512	96668608.00
2014/03/20	19.47	19.79	19.30	19.30	4589691	89617160.00
2014/03/21	19.31	20.11	19.21	20.05	10037241	197843136.00
2014/03/24	20.23	20.66	20.00	20.51	10644770	216151984.00
2014/03/25	20.32	20.51	20.13	20.16	5445540	110452632.00
2014/03/26	20.17	20.37	20.14	20.33	4116458	83374168.00
2014/03/27	20.10	20.40	19.72	19.91	7440085	149042864.00
2014/03/28	19.91	20.15	19.82	19.99	4059061	81133064.00
2014/03/31	20.09	20.23	19.94	20.18	4866248	97830600.00
2014/04/01	20.15	20.48	20.04	20.31	4398691	89401488.00
2014/04/02	20.39	20.65	20.21	20.52	6652872	135826368.00
2014/04/03	20.59	20.83	20.10	20.24	7250681	148022768.00
2014/04/04	20.06	20.32	20.00	20.25	4000618	80666280.00
2014/04/08	20.15	21.34	20.15	21.10	13427717	279916320.00
2014/04/09	21.08	21.32	20.83	21.20	9966275	210739136.00
2014/04/10	21.14	22.65	20.97	21.77	18819347	411445792.00
2014/04/11	21.50	21.76	21.20	21.32	11671150	249531312.00
2014/04/14	21.32	21.41	20.95	21.15	6019811	126902304.00
2014/04/15	20.96	21.02	20.53	20.63	5540148	115088224.00
2014/04/16	20.60	20.88	20.55	20.77	4245041	88132488.00
2014/04/17	20.88	20.93	20.62	20.67	3273468	67786528.00
2014/04/18	20.52	20.98	20.46	20.86	4531555	94211472.00
2014/04/21	20.74	20.94	20.33	20.37	4137918	85260184.00
2014/04/22	20.43	20.59	20.22	20.50	2974495	60659164.00
2014/04/23	20.40	20.52	20.26	20.33	2122617	43244144.00
2014/04/24	20.30	20.55	20.20	20.20	2927699	59619708.00
2014/04/25	20.35	20.50	20.12	20.14	2855385	57985036.00
2014/04/28	20.01	20.27	19.66	19.72	4470023	88713968.00
2014/04/29	19.91	20.25	19.74	20.11	2731242	54593556.00
2014/04/30	20.11	20.11	19.93	19.99	2356356	47131436.00
2014/05/05	19.90	20.00	19.74	19.92	3360979	66735004.00
2014/05/06	19.93	20.28	19.86	20.08	3398084	68264544.00
2014/05/07	20.04	20.05	19.84	19.89	2529129	50367680.00
2014/05/08	19.85	20.18	19.81	19.90	4302975	85982168.00
2014/05/09	19.93	19.95	19.68	19.74	3241525	64167540.00
2014/05/12	19.85	20.26	19.78	20.26	6619019	133105440.00
2014/05/13	20.24	20.28	20.04	20.15	3171734	63940508.00
2014/05/14	20.20	20.36	20.13	20.24	2950804	59707016.00
2014/05/15	20.22	20.23	19.93	20.00	2972614	59680496.00
2014/05/16	20.17	20.17	19.87	20.02	2149964	42917708.00
2014/05/19	19.93	19.93	19.45	19.65	3966395	77674440.00
2014/05/20	19.76	19.93	19.69	19.75	2491106	49343952.00
2014/05/21	19.51	20.14	19.51	20.12	3493690	69736040.00
2014/05/22	20.09	20.36	19.92	20.00	2664301	53760016.00
2014/05/23	20.15	20.24	19.95	20.08	2338878	47043628.00
2014/05/26	20.30	20.30	20.08	20.19	2660609	53690964.00
2014/05/27	20.15	20.40	20.15	20.27	3682542	74813616.00
2014/05/28	20.30	20.64	20.19	20.63	3996565	81675344.00
2014/05/29	20.60	20.73	20.43	20.47	4263345	87960456.00
2014/05/30	20.40	20.59	20.22	20.24	3523848	71829712.00
2014/06/03	20.34	20.51	20.25	20.30	2125559	43353032.00
2014/06/04	20.28	20.34	20.00	20.11	2374294	47794576.00
2014/06/05	20.11	20.50	19.98	20.44	2800106	56816736.00
2014/06/06	20.45	20.70	20.44	20.60	5222217	107502384.00
2014/06/09	20.50	21.32	20.41	20.88	6692857	140618464.00
2014/06/10	20.78	21.35	20.78	21.27	6013789	127431176.00
2014/06/11	21.25	21.25	20.90	20.97	4175544	87909632.00
2014/06/12	20.91	21.25	20.88	21.15	3655527	77136688.00
2014/06/13	21.06	21.76	21.06	21.52	6119014	131820024.00
2014/06/16	21.45	21.76	21.40	21.59	5038715	108911048.00
2014/06/17	21.50	21.58	21.01	21.13	5275749	112119752.00
2014/06/18	21.14	21.34	20.96	21.03	3576201	75657752.00
2014/06/19	21.10	21.15	20.66	20.73	2981021	62388208.00
2014/06/20	20.82	20.94	20.45	20.64	5821543	119888968.00
2014/06/23	20.60	20.85	20.60	20.66	3186115	66001704.00
2014/06/24	20.73	21.09	20.52	21.08	3289634	68697928.00
2014/06/25	20.98	21.06	20.43	20.47	4824361	99394240.00
2014/06/26	20.60	21.05	20.51	20.78	3426236	71334512.00
2014/06/27	20.77	20.86	20.52	20.61	3723043	76879168.00
2014/06/30	20.67	21.28	20.67	21.13	4923632	103784368.00
2014/07/01	21.15	21.25	20.96	21.08	3298317	69647152.00
2014/07/02	21.01	21.23	21.01	21.21	3891410	82313880.00
2014/07/03	21.28	21.46	21.15	21.27	4471135	95296880.00
2014/07/04	21.35	22.00	21.35	21.79	11534685	251595888.00
2014/07/07	22.00	22.29	21.65	22.07	9523592	209496208.00
2014/07/08	21.94	22.21	21.75	22.16	4446713	97967048.00
2014/07/09	22.05	22.48	21.61	21.74	7070167	156147088.00
2014/07/10	21.90	22.02	21.19	21.46	13726840	295057088.00
2014/07/11	21.36	21.73	21.31	21.58	4529238	97478088.00
2014/07/14	21.67	22.14	21.50	21.93	4353390	94701072.00
2014/07/15	21.71	21.80	21.42	21.57	4623109	99799480.00
2014/07/16	21.60	21.68	21.49	21.66	3080813	66497232.00
2014/07/17	21.66	21.66	21.24	21.42	4931447	105475504.00
2014/07/18	21.29	21.61	21.21	21.51	6189445	132955696.00
2014/07/21	21.51	22.26	21.51	22.13	8618355	189435824.00
2014/07/22	22.12	22.51	21.92	22.27	5553799	123943600.00
2014/07/23	22.20	23.45	22.13	23.15	17089050	394516608.00
2014/07/24	23.00	24.84	23.00	24.25	18665136	451270432.00
2014/07/25	24.21	24.67	23.90	24.47	12884707	313627840.00
2014/07/28	24.65	25.64	24.26	24.96	14448427	358589216.00
2014/07/29	24.68	24.78	24.08	24.33	13198379	322220608.00
2014/07/30	24.22	24.77	24.22	24.46	8728861	214041280.00
2014/07/31	24.49	24.82	23.88	24.79	9670769	234821488.00
2014/08/01	24.48	25.30	24.38	24.50	9732790	240854848.00
2014/08/04	24.68	25.43	24.30	25.32	16812629	420413984.00
2014/08/05	25.39	25.40	24.56	25.06	9342318	232385760.00
2014/08/06	24.99	24.99	24.33	24.58	7034492	172601648.00
2014/08/07	24.70	24.70	23.69	23.96	10247812	246489584.00
2014/08/08	23.96	24.20	23.85	24.02	5388384	129442736.00
2014/08/11	24.07	24.94	23.89	24.64	9016930	221361920.00
2014/08/12	24.45	24.51	24.11	24.40	4811137	116907800.00
2014/08/13	24.45	25.29	24.01	25.27	11485319	283140576.00
2014/08/14	25.61	25.77	24.15	24.40	18676299	468471296.00
2014/08/15	24.43	25.10	24.21	24.90	9701886	240356144.00
2014/08/18	24.93	25.00	24.42	24.71	7334423	180664736.00
2014/08/19	24.74	24.79	24.20	24.49	7098556	173372400.00
2014/08/20	24.33	24.46	24.19	24.29	7475436	181732224.00
2014/08/21	24.29	24.54	23.92	24.34	7032164	170532800.00
2014/08/22	24.12	24.50	24.12	24.46	5369875	131073040.00
2014/08/25	24.47	24.51	23.85	23.86	6934471	166946336.00
2014/08/26	23.85	24.00	23.59	23.74	5191981	123268176.00
2014/08/27	23.95	24.00	23.75	23.90	3727122	88962376.00
2014/08/28	24.03	24.44	24.03	24.12	4844776	117362368.00
2014/08/29	24.28	24.36	24.00	24.25	3083854	74582976.00
2014/09/01	24.34	24.64	24.04	24.62	6966487	169818704.00
2014/09/02	24.58	24.90	24.29	24.88	9522612	234223920.00
2014/09/03	24.80	25.15	24.72	24.95	14503828	362596960.00
2014/09/04	25.01	25.20	24.80	25.09	8985634	224999392.00
2014/09/05	25.19	25.50	25.10	25.48	11118544	281629984.00
2014/09/09	25.49	25.82	25.31	25.34	10704064	273992640.00
2014/09/10	25.21	25.25	24.65	24.78	7481993	186031744.00
2014/09/11	24.76	25.25	24.29	24.54	9353854	231794992.00
2014/09/12	24.49	24.64	24.32	24.63	4823131	118060496.00
2014/09/15	24.50	24.50	24.11	24.43	8189759	199023232.00
2014/09/16	24.45	24.50	23.71	23.75	7460076	180329264.00
2014/09/17	23.95	23.97	23.63	23.87	5162705	123000464.00
2014/09/18	23.80	24.10	23.65	23.90	8024685	191601024.00
2014/09/19	23.92	24.18	23.75	24.08	4974707	119307992.00
2014/09/22	24.10	24.10	23.26	23.34	9296239	219400832.00
2014/09/23	23.34	23.63	23.18	23.58	5209382	122020392.00
2014/09/24	23.40	24.36	23.32	24.26	9037543	216869728.00
2014/09/25	24.35	24.51	23.92	24.05	7611673	184776448.00
2014/09/26	23.93	24.23	23.83	24.21	5675681	136674528.00
2014/09/29	24.26	24.36	24.08	24.28	5731868	138788064.00
2014/09/30	24.31	24.62	24.21	24.48	7137795	174479904.00
2014/10/08	24.57	24.63	24.07	24.46	8179765	199576960.00
2014/10/09	24.50	24.70	24.35	24.60	7925658	194658464.00
2014/10/10	24.38	24.57	24.15	24.32	7454370	181241936.00
2014/10/13	24.20	24.20	23.57	23.82	9117227	216129168.00
2014/10/14	23.80	23.98	23.66	23.89	6316318	150386272.00
2014/10/15	23.80	24.43	23.77	24.29	8563171	206630704.00
2014/10/16	24.10	24.83	23.90	24.63	17691237	434160192.00
2014/10/17	24.62	24.98	24.50	24.88	12926972	320227008.00
2014/10/20	24.92	25.43	24.82	24.97	13321874	335182752.00
2014/10/21	24.87	25.24	24.69	24.70	5400308	134713392.00
2014/10/22	24.68	26.95	24.58	26.04	21377044	555083200.00
2014/10/23	25.79	27.10	25.75	26.46	25642789	678941504.00
2014/10/24	26.19	26.38	25.74	26.27	13904618	361802944.00
2014/10/27	26.04	26.60	25.49	25.80	13394232	348599104.00
2014/10/28	25.80	26.88	25.66	26.79	18692247	489680160.00
2014/10/29	26.80	28.05	26.65	27.48	24906292	682055872.00
2014/10/30	27.39	27.94	27.13	27.66	18656453	513541312.00
2014/10/31	27.69	29.50	27.50	29.45	33100971	943484160.00
2014/11/03	29.10	29.47	28.61	28.85	18120219	525799200.00
2014/11/04	28.73	28.95	28.37	28.60	11891495	340469856.00
2014/11/05	28.59	29.45	28.11	29.41	18607766	537031936.00
2014/11/06	29.24	29.50	28.04	28.34	15073444	430069728.00
2014/11/07	28.36	30.20	28.08	28.89	24403105	710315328.00
2014/11/10	29.80	29.90	28.56	29.37	19133451	558355328.00
2014/11/11	29.30	30.21	28.02	29.01	33201053	977560448.00
2014/11/12	28.37	28.99	27.92	28.82	12832146	365088800.00
2014/11/13	29.00	30.22	28.80	29.96	27772055	824768448.00
2014/11/14	29.60	29.80	28.51	29.39	16294240	473194048.00
2014/11/17	30.20	30.20	28.53	28.61	12738187	373136288.00
2014/11/18	28.56	29.03	28.21	28.31	8582366	245547296.00
2014/11/19	28.34	28.91	28.27	28.37	7218476	206534704.00
2014/11/20	28.31	30.09	28.20	29.75	17108931	503314176.00
2014/11/21	29.57	32.13	29.19	31.67	32233751	985972096.00
2014/11/24	32.80	34.84	32.20	34.41	41970350	1427539200.00
2014/11/25	34.29	35.66	33.78	35.03	26046377	903677504.00
2014/11/26	34.86	38.53	34.78	38.53	32324489	1195738112.00
2014/11/27	39.40	42.38	39.15	42.38	56953618	2330914816.00
2014/11/28	42.50	42.66	40.58	41.89	44342271	1851984640.00
2014/12/01	42.19	42.90	40.18	40.91	48590660	2004065280.00
2014/12/02	40.10	44.35	39.48	43.00	75384659	3141072384.00
2014/12/03	42.34	44.41	40.10	40.44	85302859	3619974912.00
2014/12/04	40.30	44.40	39.20	43.96	96487448	4014593024.00
2014/12/05	43.41	45.30	40.92	42.40	97815450	4226464000.00
2014/12/08	41.69	45.09	40.15	43.98	109130260	4751013888.00
2014/12/09	41.00	44.29	39.58	39.58	93654487	3941420544.00
2014/12/10	38.50	39.89	36.80	38.60	61071337	2321077504.00
2014/12/11	37.60	38.90	37.03	37.32	40715745	1540822400.00
2014/12/12	37.36	39.01	37.35	38.06	34545173	1321554432.00
2014/12/15	37.73	38.49	37.04	38.37	31623975	1187830272.00
2014/12/16	38.40	42.21	38.30	42.21	63830360	2549960448.00
2014/12/17	42.60	43.98	41.32	42.98	75451800	3220639488.00
2014/12/18	43.27	45.01	41.63	43.60	61106121	2671422720.00
2014/12/19	43.77	43.88	40.94	42.34	38107261	1617895296.00
2014/12/22	42.11	44.25	41.60	42.10	46624330	2007312384.00
2014/12/23	41.55	46.31	40.50	43.01	58064457	2530675712.00
2014/12/24	43.47	43.80	39.10	40.04	42522684	1761859072.00
2014/12/25	40.23	42.99	40.03	42.60	36644461	1530629760.00
2014/12/26	43.20	46.86	42.80	46.86	65893379	2971864576.00
2014/12/29	48.10	51.55	47.00	49.90	86888973	4319652352.00
2014/12/30	49.40	50.40	47.80	49.49	45242869	2234998784.00
2014/12/31	49.20	50.14	48.00	49.56	37709541	1855827200.00
2015/01/05	50.35	51.95	49.05	49.61	51357267	2599822080.00
2015/01/06	48.58	49.09	46.46	47.19	41804260	1992615808.00
2015/01/07	46.98	49.11	46.70	47.67	28255185	1354328064.00
2015/01/08	48.28	48.70	44.90	45.34	39278821	1815355008.00
2015/01/09	45.33	49.87	45.00	46.81	73392394	3515705344.00
2015/01/12	45.30	47.40	44.98	46.78	44419113	2056030336.00
2015/01/13	46.65	46.98	45.43	45.50	28527808	1311113856.00
2015/01/14	45.89	46.28	44.75	45.32	24166701	1099011072.00
2015/01/15	45.97	49.85	45.72	49.85	63626626	3072348416.00
2015/01/16	51.40	54.69	50.59	52.64	92292304	4862275584.00
2015/03/02	50.65	51.49	48.50	51.27	111267887	5594456064.00
2015/03/03	50.32	51.19	49.89	50.22	51008765	2565391872.00
2015/03/04	50.15	50.30	49.15	49.54	34248635	1699067136.00
2015/03/05	48.97	51.19	48.76	50.00	42937270	2149188352.00
2015/03/06	49.76	50.15	46.80	47.18	34331099	1667487616.00
2015/03/09	46.00	48.99	44.00	48.39	56310287	2584498176.00
2015/03/10	47.34	47.50	46.50	46.99	26590551	1249052032.00
2015/03/11	47.00	50.68	47.00	48.42	47344312	2316689408.00
2015/03/12	49.20	53.26	48.32	52.93	76675058	3938539264.00
2015/03/13	53.00	53.45	51.06	51.90	53089095	2783676416.00
2015/03/16	51.70	56.49	51.21	56.10	59340899	3207624704.00
2015/03/17	56.30	57.40	55.02	55.80	49045662	2754879744.00
2015/03/18	55.78	56.84	54.80	56.81	40694325	2264301824.00
2015/03/19	56.00	56.27	53.86	54.59	41672090	2279850240.00
2015/03/20	55.30	57.50	53.77	54.80	58710393	3250887680.00
2015/03/23	54.53	55.95	54.01	55.13	37471231	2057496448.00
2015/03/24	55.20	57.60	54.60	56.38	53450359	3000778752.00
2015/03/25	56.30	56.30	53.50	54.03	49035037	2671954432.00
2015/03/26	52.00	55.30	51.41	52.88	52237974	2775130368.00
2015/03/27	52.40	52.87	51.58	52.16	27532528	1436075520.00
2015/03/30	52.58	54.19	51.65	54.04	44588267	2371027200.00
2015/03/31	55.50	56.55	52.78	53.01	51012681	2797155072.00
2015/04/01	54.13	54.99	53.50	53.87	38249459	2070702976.00
2015/04/02	54.49	54.49	53.01	53.48	28799415	1542118528.00
2015/04/03	53.06	54.98	52.90	54.85	42416409	2294993664.00
2015/04/07	55.19	55.70	54.12	55.65	49376417	2712139264.00
2015/04/08	55.45	58.48	54.50	57.12	79810649	4524806144.00
2015/04/09	58.00	60.04	56.00	56.64	66301699	3852107520.00
2015/04/10	56.50	58.33	56.20	57.88	42119290	2414165248.00
2015/04/13	58.80	58.80	56.35	56.93	46546425	2663078400.00
2015/04/14	56.20	56.20	54.50	55.07	42067904	2324019200.00
2015/04/15	55.20	55.84	53.70	53.74	34741851	1904318080.00
2015/04/16	53.01	55.50	52.68	55.46	37111114	2023770752.00
2015/04/17	56.35	56.60	54.93	55.38	42746379	2391605760.00
2015/04/20	55.90	55.90	51.98	52.60	37894983	2051033216.00
2015/04/21	52.59	54.60	52.59	53.99	29399139	1570953216.00
2015/04/22	54.31	56.50	54.01	56.24	46438661	2568010496.00
2015/04/23	56.24	56.50	54.78	55.15	31642545	1759177344.00
2015/04/24	54.20	54.20	52.01	52.96	39667157	2105150464.00
2015/04/27	52.97	53.95	52.78	53.51	32207550	1713989120.00
2015/04/28	53.30	54.60	52.03	53.70	45572473	2445156608.00
2015/04/29	53.89	53.89	50.70	52.96	29498935	1556743040.00
2015/04/30	54.40	55.50	53.50	53.83	57842938	3155011328.00
2015/05/04	53.82	59.21	52.98	59.21	81788805	4580319232.00
2015/05/05	60.10	61.87	57.10	60.02	98976509	5924272640.00
2015/05/06	60.60	66.02	60.00	64.51	112640544	7234616320.00
2015/05/07	62.00	65.95	61.50	62.18	74987086	4739825152.00
2015/05/08	62.98	63.22	58.88	60.81	72087524	4342527488.00
2015/05/11	60.85	66.89	59.22	65.63	107550221	6824016384.00
2015/05/12	64.53	66.38	63.41	64.41	71184494	4609066496.00
2015/05/13	63.89	65.99	61.80	62.72	56854242	3601819392.00
2015/05/14	62.20	66.21	61.90	63.38	59247724	3799839232.00
2015/05/15	62.15	62.30	59.91	60.30	45852294	2793721856.00
2015/05/18	59.00	60.87	58.49	59.06	36478074	2167941888.00
2015/05/19	58.67	64.15	58.67	62.05	64150144	3976772096.00
2015/05/20	62.30	63.35	60.77	61.47	45452388	2805056256.00
2015/05/21	60.98	62.45	60.31	61.60	35094928	2151604736.00
2015/05/22	62.00	66.23	62.00	65.57	69099584	4444553216.00
2015/05/25	66.35	68.49	65.30	67.45	62628118	4209086720.00
2015/05/26	68.10	68.35	65.48	67.07	42358910	2820818432.00
2015/05/27	66.94	66.96	64.88	65.54	35123904	2310949632.00
2015/05/28	65.10	66.01	59.13	59.59	51472281	3253791744.00
2015/05/29	60.16	60.46	57.60	58.81	43224781	2555546624.00
2015/06/01	58.30	62.35	57.80	62.01	42474748	2560837888.00
2015/06/02	61.60	61.60	60.15	61.43	33391761	2033650176.00
2015/06/03	61.50	64.00	60.50	62.68	44786468	2793167360.00
2015/06/04	62.22	65.30	59.00	64.80	51089321	3225294336.00
2015/06/05	66.44	67.00	62.33	63.69	49498085	3183512064.00
2015/06/08	63.43	70.06	63.01	70.06	85344841	5728911872.00
2015/06/09	70.55	70.60	66.60	67.50	59674882	4074480128.00
2015/06/10	66.40	67.63	65.51	66.07	37588843	2496857856.00
2015/06/11	65.90	68.24	64.38	66.74	44614933	2967988992.00
2015/06/12	66.52	67.28	65.00	65.49	34313290	2255722752.00
2015/06/15	65.15	65.98	62.30	62.48	34702769	2214912768.00
2015/06/16	61.50	63.90	60.88	61.59	30351768	1894971264.00
2015/06/17	62.30	62.60	60.20	62.06	24880706	1538542976.00
2015/06/18	61.80	62.06	58.80	58.92	31347095	1897435264.00
2015/06/19	58.00	59.50	55.00	55.95	30379027	1746368128.00
2015/06/23	56.50	59.60	55.20	59.52	37796875	2160871424.00
2015/06/24	59.50	59.86	57.76	59.60	32765129	1936293120.00
2015/06/25	60.16	60.65	57.03	58.57	28436264	1677928576.00
2015/06/26	57.00	59.50	52.71	55.44	52297440	2937281280.00
2015/06/29	57.00	58.95	51.88	56.97	60575522	3419140352.00
2015/06/30	57.70	62.00	56.55	61.06	72641594	4293381888.00
2015/07/01	59.62	60.67	56.28	56.73	49519881	2920905984.00
2015/07/02	56.52	58.23	52.31	53.41	56857507	3135004160.00
2015/07/03	52.20	55.39	49.00	50.36	46325292	2424925184.00
2015/07/06	55.00	55.20	52.00	53.51	70524671	3777510912.00
2015/07/07	52.89	56.49	48.68	55.99	95519531	5102213632.00
2015/07/08	50.39	51.47	50.39	50.39	44295073	2234462208.00
2015/07/09	50.30	55.17	45.35	53.58	86647644	4410916352.00
2015/07/10	51.50	58.66	51.00	55.82	89976590	5046678016.00
2015/07/13	54.00	56.50	52.88	54.24	61511263	3354065408.00
2015/07/14	52.93	53.47	51.00	51.65	46437997	2430426112.00
2015/07/15	50.60	52.50	48.80	49.58	33537409	1695037440.00
2015/07/16	49.58	50.87	48.01	49.35	23782425	1175991552.00
2015/07/17	49.61	51.50	49.50	51.14	30940778	1565353984.00
2015/07/20	51.00	51.54	49.58	50.14	27835758	1405338112.00
2015/07/21	49.49	50.40	48.77	49.24	30664730	1515190784.00
2015/07/22	48.93	49.66	48.33	48.73	24305372	1190922624.00
2015/07/23	49.01	51.68	48.84	51.30	53474306	2717842688.00
2015/07/24	51.40	51.56	48.85	49.26	42038395	2121111808.00
2015/07/27	48.44	48.90	44.33	44.33	41204773	1930297344.00
2015/07/28	42.80	45.45	42.10	44.30	41003572	1789275520.00
2015/07/29	44.40	45.20	42.70	44.25	39208188	1708103424.00
2015/07/30	44.20	46.58	43.48	43.67	42394366	1923037824.00
2015/07/31	42.90	43.59	42.00	43.00	45617775	1944450176.00
2015/08/03	42.20	43.86	42.10	43.83	30763768	1318389248.00
2015/08/04	43.79	44.97	42.75	44.75	24016284	1057020288.00
2015/08/05	44.20	44.74	43.12	43.24	16455125	723617664.00
2015/08/06	42.59	43.68	42.10	42.62	12706260	544385344.00
2015/08/07	42.91	44.68	42.91	43.99	23400007	1030798208.00
2015/08/10	43.98	47.23	43.71	46.48	33973933	1546897280.00
2015/08/11	46.00	46.68	45.08	45.51	23164743	1062188096.00
2015/08/12	44.88	45.50	44.49	44.58	17472330	784450176.00
2015/08/13	44.28	45.20	44.00	44.85	20302460	904852608.00
2015/08/14	45.50	45.50	44.56	44.78	18192379	816978816.00
2015/08/17	44.34	44.34	42.70	43.34	22504379	972924992.00
2015/08/18	43.40	44.93	40.98	41.04	33753133	1457041536.00
2015/08/19	40.20	41.38	39.40	41.05	24347777	986157568.00
2015/08/20	41.20	41.60	39.50	39.59	21992853	894260736.00
2015/08/21	39.00	39.67	36.76	36.79	28367311	1081291008.00
2015/08/24	35.00	35.76	33.11	33.11	37416851	1262091520.00
2015/08/25	30.99	33.99	29.88	30.31	52929601	1684054016.00
2015/08/26	31.00	33.29	30.07	31.67	58079638	1841087104.00
2015/08/27	32.55	34.84	31.82	34.84	50891141	1689970688.00
2015/08/28	35.90	37.60	35.51	36.92	63038084	2297518848.00
2015/08/31	36.00	38.90	35.48	38.57	50425192	1868554496.00
2015/09/01	37.50	38.47	35.56	38.01	64250618	2407401216.00
2015/09/02	36.10	37.62	35.88	37.39	54163950	2004793344.00
2015/09/07	36.90	37.98	35.70	35.78	18021380	663128768.00
2015/09/08	35.49	37.50	35.33	37.40	20952332	771813120.00
2015/09/09	37.20	38.70	37.01	37.82	27307670	1030847936.00
2015/09/10	37.20	37.58	36.71	36.84	13513968	502000160.00
2015/09/11	37.11	37.63	36.69	36.91	10304967	382597728.00
2015/09/14	37.05	37.26	34.80	36.46	27664339	997570048.00
2015/09/15	35.63	35.98	34.51	34.76	11836552	416704992.00
2015/09/16	34.78	37.30	34.40	36.96	17119735	616635328.00
2015/09/17	36.89	37.78	36.01	36.24	17476682	644180224.00
2015/09/18	36.33	37.69	36.11	37.16	15618827	580514560.00
2015/09/21	36.77	37.50	36.31	37.45	10478354	387827040.00
2015/09/22	37.38	40.18	37.17	39.29	19575000	763048448.00
2015/09/23	38.65	39.10	37.88	37.93	12971121	498388960.00
2015/09/24	38.40	38.99	38.06	38.36	9776229	376474048.00
2015/09/25	38.30	39.17	37.61	38.15	10061023	386914528.00
2015/09/28	38.01	38.15	36.99	37.80	5565220	209011440.00
2015/09/29	37.32	37.32	35.82	36.07	9788397	357161184.00
2015/09/30	36.38	36.68	35.80	35.83	8657921	312939904.00
2015/10/08	38.20	38.24	36.39	36.98	17484308	656204288.00
2015/10/09	37.30	38.60	36.99	38.55	15820439	603078720.00
2015/10/12	39.00	41.18	38.68	40.20	18826098	753718976.00
2015/10/13	39.94	40.56	39.12	40.31	13038079	519300800.00
2015/10/14	39.68	40.01	38.70	38.77	11970490	471562720.00
2015/10/15	38.71	40.05	38.71	39.91	12511267	496233088.00
2015/10/16	40.36	41.54	39.99	41.13	18977766	778543872.00
2015/10/19	41.13	43.28	40.51	42.01	20561129	867397888.00
2015/10/20	41.56	42.26	40.79	42.12	12448689	518389824.00
2015/10/21	42.09	45.50	41.58	42.69	30036415	1304456960.00
2015/10/22	42.05	44.26	42.00	43.44	20026849	860807552.00
2015/10/23	43.55	44.97	42.50	44.57	20176194	880679040.00
2015/10/26	45.58	46.58	44.53	44.61	23774272	1081859712.00
2015/10/27	44.15	44.50	42.46	44.29	16347360	707870912.00
2015/10/28	43.70	43.80	42.28	42.52	11665545	502329824.00
2015/10/29	42.41	42.66	41.09	42.00	18434915	770173568.00
2015/10/30	41.60	43.61	41.04	42.50	20269566	860201472.00
2015/11/02	41.70	42.45	41.10	41.14	13621423	568430976.00
2015/11/03	41.15	42.47	40.77	40.96	14294753	596006976.00
2015/11/04	41.29	45.06	41.25	45.06	41866847	1831576832.00
2015/11/05	45.20	49.57	45.06	47.43	83783784	4003297024.00
2015/11/06	47.01	51.45	46.56	50.37	53077911	2596085504.00
2015/11/09	50.18	52.50	48.84	49.74	52737752	2675908608.00
2015/11/10	48.97	52.04	48.52	49.62	32165397	1606715648.00
2015/11/11	49.18	49.62	47.50	49.47	30810127	1495971712.00
2015/11/12	49.30	49.98	47.50	47.83	25987596	1251093120.00
2015/11/13	47.33	48.94	46.93	47.89	27300643	1315128192.00
2015/11/16	46.60	47.89	46.37	47.83	19367451	912668352.00
2015/11/17	48.40	50.99	47.56	47.66	42310380	2094028288.00
2015/11/18	47.56	48.50	46.60	47.01	24080846	1140043008.00
2015/11/19	47.45	48.32	46.66	48.29	20713263	988634752.00
2015/11/20	48.45	48.55	47.11	47.66	19265581	921990144.00
2015/11/23	47.68	49.28	47.51	47.94	21226871	1026000448.00
2015/11/24	47.59	48.54	47.02	48.02	15673086	747265664.00
2015/11/25	47.60	48.95	47.57	48.68	15877890	767675968.00
2015/11/26	49.19	49.96	47.98	48.06	18006675	881776960.00
2015/11/27	47.70	48.28	44.11	44.59	29470580	1353520384.00
2015/11/30	45.15	45.19	42.20	44.01	26244394	1146721152.00
2015/12/01	43.50	45.67	42.88	44.59	22240466	983110016.00
2015/12/02	44.30	49.05	44.00	49.05	63387169	3050023680.00
2015/12/03	49.50	53.70	48.98	51.81	77854979	3972810240.00
2015/12/04	50.50	51.12	49.61	49.66	39613927	1989369472.00
2015/12/07	49.82	50.20	48.22	49.05	29909688	1467465856.00
2015/12/08	48.66	48.80	47.00	47.80	25442819	1216854144.00
2015/12/09	47.70	50.10	47.45	49.62	32291519	1569250432.00
2015/12/10	48.84	51.74	48.00	48.04	33115741	1649736576.00
2015/12/11	47.33	48.39	46.08	47.65	22543758	1062693824.00
2015/12/14	46.78	52.42	46.62	52.42	45567400	2281775616.00
2015/12/15	52.00	52.40	50.50	51.18	33983684	1748162304.00
2015/12/16	51.50	52.28	50.55	51.01	23988106	1231000960.00
2015/12/17	51.55	53.49	51.18	51.83	37717954	1973523968.00
2015/12/18	51.30	54.20	50.89	51.89	32634532	1710854272.00
2015/12/21	51.40	55.72	51.19	54.33	46608094	2514717440.00
2015/12/22	54.00	54.70	53.22	54.37	22180323	1196934400.00
2015/12/23	54.30	57.60	54.15	55.17	40832833	2293445120.00
2015/12/24	55.00	57.02	53.80	55.20	31249823	1732052480.00
2015/12/25	54.68	55.32	53.75	54.37	17075133	928220096.00
2015/12/28	54.51	54.55	51.99	52.08	22231722	1177506432.00
2015/12/29	52.33	52.98	51.90	52.63	16647036	871918528.00
2015/12/30	52.50	52.55	51.60	52.22	15791053	821628992.00
2015/12/31	52.38	53.55	52.00	52.21	22763784	1202087936.00
2016/01/04	51.75	51.77	46.99	47.00	23342816	1145982336.00
2016/01/05	45.51	48.60	45.36	48.06	33402968	1579432192.00
2016/01/06	47.70	48.49	46.70	48.11	27471799	1308765824.00
2016/01/07	47.00	47.20	43.40	43.57	6777700	308155584.00
2016/01/08	45.00	47.89	43.01	45.38	31492594	1427466368.00
2016/01/11	44.06	45.47	41.80	42.15	27922891	1222985472.00
2016/01/12	42.78	43.85	42.15	42.46	22993664	984657216.00
2016/01/13	42.96	43.20	41.00	41.25	22165432	937299328.00
2016/01/14	39.80	42.48	39.58	42.09	25046729	1025775168.00
2016/01/15	41.38	41.60	39.00	39.29	26796976	1076400768.00
2016/01/18	38.15	39.99	38.15	39.29	23445231	916580416.00
2016/01/19	39.09	41.65	38.60	40.93	28413160	1142565504.00
2016/01/20	40.31	40.78	39.53	39.76	28419301	1138818432.00
2016/01/21	38.90	40.82	38.25	38.34	25620451	1014846720.00
2016/01/22	38.98	39.74	37.91	39.14	18725017	727515200.00
2016/01/25	39.45	39.88	38.81	39.32	14081095	554620288.00
2016/01/26	38.83	39.00	36.01	36.62	29621429	1107016704.00
2016/01/27	36.61	36.84	34.42	35.67	21847586	777920320.00
2016/01/28	35.21	36.70	34.80	35.15	20701355	740073152.00
2016/01/29	35.33	37.52	35.13	36.82	27864400	1021414016.00
2016/02/01	36.45	36.78	35.08	35.90	16758074	604859136.00
2016/02/02	36.06	37.22	36.06	36.88	15818027	581942272.00
2016/02/03	36.35	36.40	35.60	36.30	13770915	496449504.00
2016/02/04	36.43	37.46	36.43	37.02	17768245	657640896.00
2016/02/05	37.00	37.32	36.55	36.73	13491051	498148128.00
2016/02/15	35.05	36.84	35.05	36.37	11660826	417650464.00
2016/02/16	36.79	38.18	36.60	37.83	17653906	664453184.00
2016/02/17	37.59	38.46	37.48	38.09	15450018	587844416.00
2016/02/18	38.35	39.23	37.64	37.76	21346540	823841536.00
2016/02/19	37.82	38.45	37.31	37.85	9480422	358747616.00
2016/02/22	38.50	41.58	37.86	40.11	32598424	1295265920.00
2016/02/23	39.66	39.98	38.64	39.22	16678370	653111744.00
2016/02/24	39.00	39.48	38.02	39.28	16821117	652504512.00
2016/02/25	39.00	39.00	35.51	35.69	23066219	854596096.00
2016/02/26	36.11	36.35	35.01	35.72	15452171	553257344.00
2016/02/29	35.20	35.54	33.01	33.82	23489139	792186688.00
2016/03/01	33.72	35.56	33.40	34.86	19159048	658589504.00
2016/03/02	34.86	36.81	34.75	36.49	22733407	816389952.00
2016/03/03	36.77	37.40	36.28	36.77	17869972	658311552.00
2016/03/04	36.61	38.25	36.31	37.80	32812116	1228479360.00
2016/03/07	37.50	38.28	37.21	37.75	16753449	632244992.00
2016/03/08	37.37	37.52	35.50	37.41	18042716	655723648.00
2016/03/09	36.41	36.75	35.60	36.46	15352970	555322048.00
2016/03/10	36.15	36.43	35.41	35.49	8830967	317236640.00
2016/03/11	35.01	35.77	34.91	35.72	12645556	447601600.00
2016/03/14	36.38	37.41	36.02	36.44	18266078	670847168.00
2016/03/15	36.04	36.90	35.57	36.86	16797377	607505728.00
2016/03/16	36.39	37.48	36.32	36.97	25567942	947474112.00
2016/03/17	37.21	38.19	36.80	37.63	24532657	920309248.00
2016/03/18	37.72	39.06	37.38	38.48	33913838	1304275456.00
2016/03/21	38.98	41.97	38.80	40.88	46361428	1887479680.00
2016/03/22	40.13	40.44	39.39	39.51	22408723	895289600.00
2016/03/23	39.52	40.97	39.30	40.18	22625852	907823232.00
2016/03/24	39.41	39.87	38.60	38.90	16182010	634838656.00
2016/03/25	38.85	41.88	38.68	39.90	27174407	1087063296.00
2016/03/28	40.10	40.69	39.07	39.24	20227936	806718336.00
2016/03/29	39.51	40.03	38.91	39.42	17994188	711851968.00
2016/03/30	39.65	40.95	39.51	40.92	29200395	1180396288.00
2016/03/31	40.94	41.36	40.17	40.57	20196318	820792256.00
2016/04/01	40.40	40.64	39.31	40.15	18151641	725718912.00
2016/04/05	39.74	41.08	39.51	40.60	18967554	767486400.00
2016/04/06	40.20	40.50	39.72	40.15	12499838	501431168.00
2016/04/07	40.35	40.43	39.00	39.28	15205428	601856192.00
2016/04/08	39.00	39.04	38.22	38.71	12032428	464613920.00
2016/04/11	39.48	40.19	39.23	39.40	15686311	621903552.00
2016/04/12	39.30	39.58	38.83	39.56	10041359	393972928.00
2016/04/13	39.90	41.36	39.73	40.21	24655073	1003281536.00
2016/04/14	40.62	40.93	40.00	40.43	11384675	460285184.00
2016/04/15	40.35	40.59	39.98	40.34	9791421	394073952.00
2016/04/18	40.00	40.03	39.27	39.51	9597571	380381632.00
2016/04/19	39.90	39.94	39.20	39.48	9087318	358227648.00
2016/04/20	39.65	39.77	37.67	39.14	22239922	861904896.00
2016/04/21	38.50	39.80	38.11	39.10	20589261	807382976.00
2016/04/22	38.80	39.76	38.55	39.53	13490928	532122368.00
2016/04/25	39.53	40.40	39.08	39.99	14015042	559510592.00
2016/04/26	39.79	40.35	39.75	40.15	11862061	474308224.00
2016/04/27	40.00	40.36	39.91	40.01	5986366	240428896.00
2016/04/28	40.02	40.32	39.75	40.09	7385040	295442880.00
2016/04/29	39.88	40.20	39.65	39.90	7305006	292185184.00
2016/05/03	39.79	40.30	39.03	40.00	13464178	535726752.00
2016/05/04	39.99	40.09	39.60	39.89	8586715	343037184.00
2016/05/05	39.70	40.10	39.60	39.78	4841448	192655328.00
2016/05/06	39.85	39.99	38.66	38.70	10058189	396308576.00
2016/05/09	38.50	38.87	38.28	38.55	10684030	411674816.00
2016/05/10	38.29	38.78	38.04	38.30	9923730	382014944.00
2016/05/11	38.53	38.81	38.32	38.57	6166777	237869328.00
2016/05/12	38.28	39.45	38.01	39.32	15569025	605552960.00
2016/05/13	39.10	39.55	38.89	39.43	12981194	510235168.00
2016/05/16	39.16	40.05	39.12	39.58	7756328	307962272.00
2016/05/17	39.67	39.88	39.36	39.70	4546713	179800368.00
2016/05/18	39.39	40.76	39.30	40.30	12715964	509797216.00
2016/05/19	39.98	40.50	39.98	40.30	8290800	333959776.00
2016/05/20	40.18	40.58	40.10	40.38	4803708	193984848.00
2016/05/23	40.40	40.51	39.70	40.00	4926941	197345584.00
2016/05/24	39.89	39.89	39.02	39.39	3296786	129996824.00
2016/05/25	39.60	39.77	39.21	39.25	3340058	131591208.00
2016/05/26	39.24	39.75	39.22	39.59	3795997	149784176.00
2016/05/27	39.90	40.05	39.45	39.50	3680872	146366112.00
2016/05/30	39.40	39.96	39.29	39.78	2836741	112583064.00
2016/05/31	39.80	43.34	39.79	42.28	16859049	709205248.00
2016/06/01	41.89	42.19	41.76	41.96	7705622	323207616.00
2016/06/02	41.81	42.36	41.55	41.99	4641990	194545424.00
2016/06/03	42.00	42.25	41.46	42.01	6705152	280880512.00
2016/06/06	42.02	42.10	41.32	41.47	4685810	195046848.00
2016/06/07	41.48	41.86	41.11	41.71	4642338	192594912.00
2016/06/08	41.51	41.55	40.60	41.19	7056223	289935328.00
2016/06/13	40.70	41.09	39.48	39.56	5711146	231314880.00
2016/06/14	39.40	40.24	39.38	40.10	4064491	162101136.00
2016/06/15	39.32	41.15	39.21	40.42	7116027	287626048.00
2016/06/16	40.06	40.29	39.62	39.77	3598269	143563296.00
2016/06/17	39.91	40.41	39.81	40.05	3566437	143077904.00
2016/06/20	40.35	40.35	39.99	40.05	2693947	107912696.00
2016/06/21	40.20	41.45	39.92	40.07	8621071	348422720.00
2016/06/22	39.69	40.30	39.60	40.28	4263313	170823728.00
2016/06/23	40.32	40.37	39.98	40.06	3165409	127107136.00
2016/06/24	40.25	40.58	39.20	39.42	5624262	223396800.00
2016/06/27	39.40	39.80	39.30	39.79	3275408	129774768.00
2016/06/28	39.60	40.40	39.29	40.14	7272210	288558464.00
2016/06/29	40.00	41.18	40.00	40.67	9600272	390408896.00
2016/06/30	40.62	40.89	40.25	40.40	4109762	166350576.00
2016/07/01	40.50	40.80	40.38	40.61	4315251	175100592.00
2016/07/04	40.39	41.99	40.27	41.42	9474108	392439488.00
2016/07/05	41.28	41.57	40.85	41.13	6726442	276572672.00
2016/07/06	40.90	41.26	40.90	41.04	6063530	248966160.00
2016/07/07	41.05	41.10	40.50	40.78	4501157	183399664.00
2016/07/08	40.85	40.85	40.49	40.54	3777596	153536112.00
2016/07/11	40.66	41.33	40.50	40.79	5513903	225846240.00
2016/07/12	40.71	42.79	40.61	42.50	16831381	706032256.00
2016/07/13	42.50	43.30	42.15	42.59	13647654	581064704.00
2016/07/14	42.28	42.50	42.01	42.34	5005126	211408864.00
2016/07/15	42.28	42.75	41.96	42.14	5703155	241486272.00
2016/07/18	41.66	42.79	41.59	41.89	9949810	419451328.00
2016/07/19	41.83	41.83	41.12	41.29	7611607	314226624.00
2016/07/20	41.30	41.40	40.79	40.91	8936503	366509472.00
2016/07/21	40.92	41.27	40.81	41.19	13083838	537676352.00
2016/07/22	41.20	41.23	40.52	40.73	5931742	241617024.00
2016/07/25	40.32	40.78	40.30	40.49	4098987	166128016.00
2016/07/26	40.48	41.12	40.45	41.00	7001495	285420480.00
2016/07/27	40.90	40.98	39.50	40.77	14245096	572667456.00
2016/07/28	40.35	40.53	39.80	40.02	6148618	246504832.00
2016/07/29	40.00	40.14	39.72	39.76	4081711	162790720.00
2016/08/01	39.59	39.96	39.40	39.65	4069300	161293136.00
2016/08/02	39.65	39.81	39.53	39.74	2567342	101912048.00
2016/08/03	39.40	39.75	39.40	39.54	3771729	149150992.00
2016/08/04	39.54	39.68	39.40	39.66	3089238	122134496.00
2016/08/05	39.64	40.19	39.59	39.83	4619439	184082960.00
2016/08/08	39.90	40.20	39.70	40.11	3777421	151127760.00
2016/08/09	40.10	40.34	40.00	40.23	3678557	147799232.00
2016/08/10	39.99	40.05	39.78	39.80	3125503	124651184.00
2016/08/11	40.85	43.78	40.69	41.50	35975334	1512677632.00
2016/08/12	40.93	43.70	40.71	43.30	33221198	1401632384.00
2016/08/15	43.00	47.63	42.70	46.66	58263987	2657356800.00
2016/08/16	46.50	47.20	45.50	45.68	29857908	1380641536.00
2016/08/17	45.65	45.65	44.45	45.24	20272272	911603584.00
2016/08/18	45.32	46.08	44.65	44.99	19936057	905904128.00
2016/08/19	44.60	44.60	43.80	44.26	14171188	625323840.00
2016/08/22	44.20	44.78	43.50	44.00	12002573	529388992.00
2016/08/23	44.05	44.88	43.85	44.42	11836862	525033376.00
2016/08/24	44.30	44.32	42.94	43.30	15002887	650896128.00
2016/08/25	42.81	43.24	42.52	43.03	9109514	390748800.00
2016/08/26	43.06	43.52	42.74	42.80	8548206	368746176.00
2016/08/29	42.80	43.01	42.60	42.97	4819825	206464976.00
2016/08/30	43.03	43.43	42.64	43.13	8934598	384427808.00
2016/08/31	43.01	43.88	42.76	43.66	11570423	502438080.00
2016/09/01	43.43	43.58	42.29	42.47	10478888	450715680.00
2016/09/02	42.34	42.90	42.20	42.69	9184486	390198112.00
2016/09/05	42.67	42.97	42.40	42.54	7055478	300744288.00
2016/09/06	42.64	43.36	42.30	43.18	9056333	388510624.00
2016/09/07	43.18	44.38	43.02	43.36	15163261	661847616.00
2016/09/08	43.29	43.46	42.80	43.13	7120613	306768928.00
2016/09/09	43.35	43.89	42.80	42.85	8413521	364677088.00
2016/09/12	41.64	42.09	41.05	41.89	14628402	609205184.00
2016/09/13	41.73	41.83	40.97	41.39	7009568	289638176.00
2016/09/14	41.12	41.40	40.85	41.07	4853396	199241520.00
2016/09/19	41.19	41.48	41.07	41.31	4228974	174617728.00
2016/09/20	41.39	41.40	41.05	41.37	3214267	132554448.00
2016/09/21	41.29	41.69	41.12	41.44	3443897	142624416.00
2016/09/22	41.74	42.70	41.60	42.12	10496588	443680448.00
2016/09/23	42.14	42.41	41.91	41.94	4537827	190920448.00
2016/09/26	41.80	41.80	40.90	41.00	4664524	192575888.00
2016/09/27	40.96	41.48	40.80	41.33	3996251	164545984.00
2016/09/28	41.30	41.64	41.15	41.26	2456659	101581880.00
2016/09/29	41.77	41.80	41.38	41.57	4153082	172889456.00
2016/09/30	41.39	41.56	41.10	41.21	6242694	257798384.00
2016/10/10	41.41	41.87	41.25	41.80	6129381	254939728.00
2016/10/11	41.70	42.37	41.70	42.11	7193696	302506720.00
2016/10/12	42.09	42.27	41.80	42.06	4163041	174946432.00
2016/10/13	42.04	42.23	41.84	41.98	2549664	107030320.00
2016/10/14	41.91	42.19	41.66	42.11	3305883	138568384.00
2016/10/17	42.16	42.17	41.55	41.59	4045613	169069248.00
2016/10/18	41.52	42.30	41.30	42.24	6074251	254079952.00
2016/10/19	42.18	42.26	41.79	41.87	3056465	128265560.00
2016/10/20	41.89	42.06	41.79	41.84	2597638	108872696.00
2016/10/21	41.85	42.30	41.55	41.80	6207409	259646032.00
2016/10/24	41.70	43.27	41.63	42.69	13628894	581509760.00
2016/10/25	42.69	42.70	42.22	42.41	5902037	250060432.00
2016/10/26	42.51	42.60	42.10	42.34	4408776	186402448.00
2016/10/27	42.23	42.29	41.90	42.02	4288628	180374960.00
2016/10/28	41.95	43.12	41.95	42.36	11430993	487997664.00
2016/10/31	42.01	42.45	41.65	42.29	6588252	276256928.00
2016/11/01	42.25	42.77	42.09	42.63	5270136	224074752.00
2016/11/02	42.50	42.67	41.96	42.12	5361542	226322736.00
2016/11/03	41.98	43.10	41.90	42.78	11019939	471113568.00
2016/11/04	42.55	43.35	42.54	42.89	8435088	362768288.00
2016/11/07	42.99	43.44	42.70	43.22	8688625	375134656.00
2016/11/08	43.40	43.66	43.18	43.47	6645729	288399360.00
2016/11/09	43.20	43.77	42.70	43.26	11838120	511669280.00
2016/11/10	43.80	43.94	43.28	43.54	6931781	301983872.00
2016/11/11	43.60	45.70	43.50	44.98	17070363	763298560.00
2016/11/14	44.92	45.86	44.32	44.94	14775419	667337216.00
2016/11/15	44.96	45.49	44.30	44.60	7346738	328571776.00
2016/11/16	44.51	45.03	44.08	44.33	6756265	300393152.00
2016/11/17	44.22	44.33	43.93	44.27	5411476	238448432.00
2016/11/18	44.17	44.66	43.94	44.20	5852775	259191744.00
2016/11/21	44.25	47.88	44.21	46.73	27644176	1299050752.00
2016/11/22	46.45	48.56	46.45	47.74	19246001	914660928.00
2016/11/23	47.90	47.99	46.52	46.61	8854167	418368640.00
2016/11/24	46.61	48.50	46.57	47.28	11449956	543295936.00
2016/11/25	47.00	47.70	46.50	47.66	6957941	327192000.00
2016/11/28	47.64	48.80	47.45	48.12	10628565	512943232.00
2016/11/29	47.71	47.97	46.91	47.52	8521096	402327136.00
2016/11/30	47.40	47.93	45.90	46.25	10619630	499143232.00
2016/12/01	45.95	46.70	45.82	46.51	4769479	221604160.00
2016/12/02	46.41	46.45	45.40	45.53	7473137	341761536.00
2016/12/05	45.00	45.54	44.43	45.25	6221887	280231840.00
2016/12/06	45.25	45.49	44.84	44.92	6227491	280290752.00
2016/12/07	44.97	46.06	44.86	45.28	8490230	383706688.00
2016/12/08	45.50	46.20	45.30	45.60	6661937	305343680.00
2016/12/09	45.52	47.52	45.28	46.80	11561362	539618944.00
2016/12/12	46.82	47.40	45.72	45.96	10735769	498618144.00
2016/12/13	45.80	46.26	45.21	45.64	8184557	375086720.00
2016/12/14	45.40	46.76	45.31	45.98	4981087	229407728.00
2016/12/15	45.63	46.16	43.72	44.14	9720543	433774176.00
2016/12/16	44.01	44.37	43.70	43.87	3947737	173413312.00
2016/12/19	43.87	44.46	43.72	44.05	4017013	177220304.00
2016/12/20	44.40	44.50	43.42	43.88	5485868	241518832.00
2016/12/21	44.01	44.80	44.00	44.68	3795817	168846384.00
2016/12/22	44.56	44.58	44.02	44.41	1862971	82541088.00
2016/12/23	44.47	44.50	43.82	44.19	3099692	137044224.00
2016/12/26	43.89	44.60	42.90	44.57	4532984	198381056.00
2016/12/27	44.30	44.76	43.57	43.66	3751346	165433392.00
2016/12/28	43.52	43.97	43.50	43.78	2156413	94337872.00
2016/12/29	43.71	43.99	43.12	43.35	3337030	144921856.00
2016/12/30	43.36	43.80	43.36	43.78	3184218	138792464.00
2017/01/03	43.78	45.55	43.78	45.01	7842845	351744512.00
2017/01/04	44.99	45.35	44.67	45.07	3761106	169429840.00
2017/01/05	45.34	45.65	44.80	44.90	2822518	127671920.00
2017/01/06	44.81	45.20	44.16	44.24	5750099	255919312.00
2017/01/09	44.50	45.25	44.25	44.70	4605402	206208080.00
2017/01/10	44.67	44.84	44.36	44.38	1278701	57025864.00
2017/01/11	44.35	45.09	44.33	44.51	2952063	131989848.00
2017/01/12	44.52	44.88	43.80	44.03	2318352	102818240.00
2017/01/13	44.03	45.69	44.00	45.01	12192904	547404992.00
2017/01/16	45.00	45.95	44.60	45.80	13631838	619349312.00
2017/01/17	45.47	46.32	45.10	45.45	5603686	256171792.00
2017/01/18	45.44	46.24	45.31	45.75	4203148	192796848.00
2017/01/19	45.48	46.00	45.28	45.56	3076331	140418048.00
2017/01/20	45.53	46.04	45.37	45.81	2558067	117161296.00
2017/01/23	45.90	46.50	45.73	45.88	2960621	136292512.00
2017/01/24	45.95	46.42	45.45	45.90	3765513	173377120.00
2017/01/25	45.68	45.92	44.99	45.69	4851131	219858784.00
2017/01/26	45.66	46.21	45.32	46.17	3239031	148929184.00
2017/02/03	46.08	46.08	44.78	44.83	4024308	181877680.00
2017/02/06	45.06	45.39	45.03	45.27	8922758	403680608.00
2017/02/07	45.46	45.86	45.00	45.81	6653925	302249216.00
2017/02/08	45.65	46.19	45.50	45.96	6149852	282429248.00
2017/02/09	46.05	47.08	45.86	46.58	5674729	265023408.00
2017/02/10	46.84	46.90	46.09	46.32	3632195	169038512.00
2017/02/13	46.71	47.50	46.51	46.99	7394386	348089152.00
2017/02/14	46.99	46.99	46.32	46.38	4022969	187043792.00
2017/02/15	46.55	46.89	46.18	46.38	4370343	203506432.00
2017/02/16	46.16	46.40	45.83	46.06	6390481	293981952.00
2017/02/17	46.13	46.69	45.86	45.91	6798927	315340544.00
2017/02/20	45.91	46.49	45.62	46.43	9457210	434718304.00
2017/02/21	46.45	46.75	46.20	46.40	9237620	429597056.00
2017/02/22	46.45	46.45	45.75	46.13	5116374	235295872.00
2017/02/23	46.09	46.09	45.20	45.48	6361987	289767200.00
2017/02/24	45.36	45.36	44.92	45.20	3627455	163512736.00
2017/02/27	45.21	45.23	43.89	44.22	7822513	347880416.00
2017/02/28	44.12	44.47	44.06	44.30	3841751	170165584.00
2017/03/01	44.32	44.62	44.10	44.32	3965865	175979936.00
2017/03/02	44.35	44.85	44.14	44.21	4036112	179423792.00
2017/03/03	44.10	44.20	43.69	43.98	4024431	176464880.00
2017/03/06	44.04	44.04	43.45	43.66	6565965	286315040.00
2017/03/07	43.60	44.18	43.42	44.11	7000305	306137920.00
2017/03/08	44.00	44.05	43.67	43.87	3970530	174094464.00
2017/03/09	43.87	44.10	43.73	43.92	4372444	192073216.00
2017/03/10	43.90	43.97	43.26	43.30	4345119	188822768.00
2017/03/13	43.27	44.08	43.16	43.89	7333058	321210048.00
2017/03/14	43.79	43.93	43.44	43.65	5069903	221033664.00
2017/03/15	43.60	43.64	43.31	43.51	3189955	138595248.00
2017/03/16	43.70	44.29	43.65	43.78	10178324	447352768.00
2017/03/17	44.00	44.10	43.31	43.36	7036519	307436576.00
2017/03/20	43.33	43.46	42.49	42.74	7961993	341566752.00
2017/03/21	42.71	42.94	42.03	42.16	10133582	429901184.00
2017/03/22	42.18	42.18	40.81	41.13	12133643	501302240.00
2017/03/23	41.15	41.77	41.10	41.42	11197220	464508384.00
2017/03/24	41.47	41.85	41.30	41.71	7555297	314171040.00
2017/03/27	41.37	42.36	41.36	41.75	7169802	300884832.00
2017/03/28	41.80	42.35	41.63	41.70	7208643	303202336.00
2017/03/29	41.80	41.99	41.33	41.44	6092514	252788320.00
2017/03/30	41.72	42.26	41.47	41.95	10467878	439208032.00
2017/03/31	41.99	42.50	41.99	42.19	8238464	348525344.00
2017/04/05	42.23	42.39	41.56	42.21	8786410	368302400.00
2017/04/06	42.21	42.21	41.55	41.85	7964960	332787680.00
2017/04/07	41.70	42.52	41.70	42.18	9686226	408687808.00
2017/04/10	42.16	42.76	42.02	42.11	7783714	330321248.00
2017/04/11	41.99	42.24	41.62	42.08	5666205	237566608.00
2017/04/12	42.03	42.74	41.87	42.49	8447866	358983520.00
2017/04/13	42.39	42.90	42.15	42.24	8586515	365727008.00
2017/04/14	42.11	42.42	41.66	42.21	5187959	217772928.00
2017/04/17	42.02	42.16	41.14	41.63	5069975	210909632.00
2017/04/18	41.55	41.60	40.89	40.94	6499736	267376704.00
2017/04/19	40.90	41.30	40.36	40.92	5737914	234121216.00
2017/04/20	40.77	41.79	40.52	41.45	5568928	229011792.00
2017/04/21	41.41	41.78	41.21	41.70	6601613	273925184.00
2017/04/24	41.59	42.83	41.41	42.82	14163673	598755584.00
2017/04/25	42.78	44.23	42.51	43.80	15774454	688177920.00
2017/04/26	43.72	45.76	43.72	44.80	15602957	700848384.00
2017/04/27	44.50	45.82	44.34	44.82	12328275	556099840.00
2017/04/28	44.67	45.00	44.54	44.84	5780645	259051712.00
2017/05/02	44.51	45.50	44.46	44.89	6056227	272426368.00
2017/05/03	44.97	45.89	44.56	45.55	10149612	462368032.00
2017/05/04	45.50	46.11	44.88	45.78	10099167	462455072.00
2017/05/05	45.68	46.18	45.10	45.91	13116783	596761664.00
2017/05/08	45.85	46.97	45.30	46.39	13967012	650204736.00
2017/05/09	46.19	47.00	46.10	46.96	11573867	542034880.00
2017/05/10	46.75	49.64	46.32	48.78	18841670	908855168.00
2017/05/11	48.20	48.97	47.77	48.55	18370157	891953216.00
2017/05/12	48.01	51.88	48.01	50.03	16278358	818998208.00
2017/05/15	50.20	50.64	48.61	49.02	13575985	670962368.00
2017/05/16	49.00	49.38	48.62	49.02	11820813	579584896.00
2017/05/17	48.70	48.98	47.73	48.34	16320258	787813120.00
2017/05/18	48.02	48.50	47.48	47.84	9183861	441178656.00
2017/05/19	47.77	48.55	47.75	48.06	8041609	387802176.00
2017/05/22	48.08	50.16	48.00	49.95	14722167	731055488.00
2017/05/23	49.78	51.98	49.32	51.01	15130377	773292416.00
2017/05/24	50.52	50.99	49.11	50.38	10698044	534848992.00
2017/05/25	49.89	52.50	49.89	52.12	12391784	641760640.00
2017/05/26	51.61	53.50	51.51	52.30	11350771	592372288.00
2017/05/31	51.83	53.76	51.41	53.07	11953798	630681600.00
2017/06/01	52.50	53.25	51.80	53.21	14157444	741955200.00
2017/06/02	52.78	52.99	50.50	50.80	11458951	589773952.00
2017/06/05	50.66	50.66	48.96	50.02	14302961	711022976.00
2017/06/06	49.58	51.11	49.48	50.92	11360832	575257856.00
2017/06/07	50.72	51.80	50.28	50.50	13416648	684646784.00
2017/06/08	50.51	51.83	50.30	51.79	9781125	499178880.00
2017/06/09	51.70	53.70	51.60	52.75	15157198	800942720.00
2017/06/12	52.41	54.00	51.99	52.82	9667468	512181920.00
2017/06/13	52.53	52.80	50.80	51.37	9169091	470276096.00
2017/06/14	51.34	51.37	49.34	49.87	15686428	785604224.00
2017/06/15	49.90	50.28	48.93	49.37	9516215	469817760.00
2017/06/16	49.30	49.84	48.98	49.19	9125284	450002400.00
2017/06/19	49.20	50.26	49.15	49.87	13687219	680340928.00
2017/06/20	49.95	49.97	48.00	48.92	16266954	791616448.00
2017/06/21	48.60	49.65	48.31	49.39	11576727	568887232.00
2017/06/22	49.31	51.79	49.31	50.49	18646748	946460992.00
2017/06/23	50.05	52.20	49.97	52.08	12596739	645094592.00
2017/06/26	51.87	53.35	50.90	51.25	21901291	1131670912.00
2017/06/27	51.00	51.68	50.14	51.44	10170304	516681984.00
2017/06/28	51.00	51.15	50.20	50.31	8394903	424536320.00
2017/06/29	50.43	50.99	50.05	50.95	7031752	355839488.00
2017/06/30	50.51	51.49	50.51	51.40	8108224	414948448.00
2017/07/03	51.34	51.40	49.45	50.25	12408253	621245120.00
2017/07/04	49.87	50.17	49.05	50.05	9973074	494696832.00
2017/07/05	49.78	54.45	49.60	53.69	20412363	1076415616.00
2017/07/06	53.70	56.50	53.32	56.23	21114524	1159040768.00
2017/07/07	55.77	56.56	54.91	55.88	11635812	650299776.00
2017/07/10	55.21	57.03	54.88	55.45	7676939	428998400.00
2017/07/11	55.15	57.15	55.13	55.46	7113100	400190336.00
2017/07/12	55.22	57.14	53.90	54.26	10850393	601497408.00
2017/07/13	54.41	57.30	54.41	57.16	16779675	944750400.00
2017/07/14	57.00	57.97	56.20	57.67	11996314	687123712.00
2017/07/17	57.69	60.68	56.30	60.43	19237992	1139750528.00
2017/07/18	59.97	61.83	58.88	61.56	18044884	1093636864.00
2017/07/19	61.06	62.45	60.43	60.93	15698661	960613888.00
2017/07/20	60.50	61.99	59.01	61.05	14280524	859898624.00
2017/07/21	60.50	60.65	59.12	59.47	11481619	685719616.00
2017/07/24	59.03	61.60	59.03	59.70	13085121	787365632.00
2017/07/25	59.17	60.35	58.40	59.88	7611581	453155872.00
2017/07/26	59.54	59.80	57.40	59.02	11264328	658885120.00
2017/07/27	58.60	59.55	57.73	59.32	7644352	448696832.00
2017/07/28	58.75	59.57	58.30	58.61	4341477	255659280.00
2017/07/31	58.58	58.83	57.03	57.46	15991749	925941376.00
2017/08/01	57.62	63.21	57.62	63.21	21693989	1320355968.00
2017/08/02	63.00	65.13	61.14	63.73	21160249	1327871232.00
2017/08/03	63.30	63.72	61.55	61.66	11549504	722882880.00
2017/08/04	61.25	61.75	59.68	60.61	10302583	623902784.00
2017/08/07	60.30	61.80	59.50	60.66	7761386	472634208.00
2017/08/08	60.27	62.89	60.05	62.43	9125168	559663296.00
2017/08/09	61.80	62.37	61.00	61.29	7437314	457981632.00
2017/08/10	61.11	61.76	59.05	60.55	8325855	500592064.00
2017/08/11	59.48	60.95	59.20	60.64	10756702	647388800.00
2017/08/14	60.10	61.65	58.90	60.53	9830800	592584960.00
2017/08/15	60.55	63.50	60.28	61.86	9827466	610275904.00
2017/08/16	61.00	61.74	60.00	61.08	7287067	441841984.00
2017/08/17	61.00	61.20	59.38	59.91	8754638	525256640.00
2017/08/18	59.41	60.98	59.39	59.91	8629668	518384224.00
2017/08/21	59.50	60.16	58.30	58.88	10172964	599591104.00
2017/08/22	58.58	60.22	58.55	59.85	9917521	591510720.00
2017/08/23	59.25	62.48	59.25	61.53	11143587	682677632.00
2017/08/24	61.16	62.90	60.70	61.12	7211948	445608032.00
2017/08/25	61.02	64.98	60.73	64.18	13411619	851401792.00
2017/08/28	64.36	66.86	63.86	65.35	15844716	1038003776.00
2017/08/29	64.84	65.88	64.13	65.13	5964426	387067488.00
2017/08/30	64.80	65.13	61.69	62.04	20452911	1288401664.00
2017/08/31	62.00	62.54	60.55	61.46	12572233	771301824.00
2017/09/01	61.50	62.67	59.86	60.28	21849731	1331403520.00
2017/09/04	59.90	60.95	59.81	60.87	11455466	691463040.00
2017/09/05	60.80	61.85	60.00	61.52	15691113	958089024.00
2017/09/06	61.05	61.13	60.01	60.31	10240152	617033856.00
2017/09/07	60.40	60.50	58.98	59.30	12714248	756311872.00
2017/09/08	59.28	59.80	58.76	59.42	8623927	511579296.00
2017/09/11	59.40	59.60	57.36	57.39	25843876	1506633984.00
2017/09/12	57.49	57.86	56.32	57.82	29274750	1667289856.00
2017/09/13	57.79	57.79	56.61	56.85	15204129	868691520.00
2017/09/14	56.83	57.10	55.95	56.35	15648501	883587840.00
2017/09/15	56.42	57.42	55.50	56.90	17018472	963733888.00
2017/09/18	56.80	57.68	56.48	56.79	13583090	775163904.00
2017/09/19	57.02	57.85	56.75	57.22	16011134	915587456.00
2017/09/20	57.25	57.56	56.65	56.81	9863763	562676800.00
2017/09/21	56.70	58.08	56.22	57.64	17878348	1026904704.00
2017/09/22	57.40	58.31	57.21	57.95	13294766	769300032.00
2017/09/25	57.51	59.18	57.50	59.06	16218451	952105984.00
2017/09/26	59.05	59.47	58.51	59.18	9499562	560737536.00
2017/09/27	58.70	58.90	57.60	57.74	12350027	716739712.00
2017/09/28	57.50	57.85	56.79	57.25	9258174	528610368.00
2017/09/29	57.24	57.40	56.55	56.67	10604279	602623552.00
2017/10/09	58.05	58.28	55.72	56.37	20237988	1147207040.00
2017/10/10	56.15	56.64	53.51	54.55	45286857	2460939520.00
2017/10/11	54.20	55.68	54.05	55.34	21421958	1179589632.00
2017/10/12	55.05	57.50	55.01	57.34	22828324	1291646208.00
2017/10/13	57.30	58.61	57.30	57.96	21304119	1237594880.00
2017/10/16	58.00	59.25	57.45	58.58	17095332	1004705408.00
2017/10/17	58.10	59.20	57.59	58.22	8050797	470389152.00
2017/10/18	58.39	59.68	57.62	59.60	16110156	952583040.00
2017/10/19	59.72	60.19	58.86	59.95	14732145	878042496.00
2017/10/20	59.19	59.59	58.12	58.19	7714732	451893056.00
2017/10/23	58.56	59.10	58.04	58.68	6426231	377193344.00
2017/10/24	58.40	60.77	58.06	59.80	13119064	785517952.00
2017/10/25	59.80	60.37	58.77	59.68	7664600	456416256.00
2017/10/26	59.43	61.60	59.20	60.26	16425071	998082624.00
2017/10/27	60.27	61.81	60.27	60.83	16816370	1028251200.00
2017/10/30	61.24	64.60	61.00	64.16	20844217	1310479744.00
2017/10/31	63.33	65.00	62.50	63.92	13238528	841309568.00
2017/11/01	63.15	66.25	62.81	63.26	18815546	1211697664.00
2017/11/02	63.44	64.30	61.60	63.56	13299074	841148736.00
2017/11/03	63.45	64.00	62.06	62.95	13881587	871532352.00
2017/11/06	62.86	62.95	60.51	61.55	13680934	836512192.00
2017/11/07	61.36	63.95	61.05	62.47	18957683	1192510208.00
2017/11/08	62.37	63.38	60.61	61.40	20545277	1272990976.00
2017/11/09	61.00	61.87	60.75	61.83	10264115	628185280.00
2017/11/10	61.55	68.01	61.44	67.35	37712817	2470154496.00
2017/11/13	67.30	68.83	66.81	67.32	20857813	1410996480.00
2017/11/14	68.13	71.29	66.86	70.27	23749824	1638448512.00
2017/11/15	69.02	70.86	67.20	68.26	18753996	1286628224.00
2017/11/16	67.05	70.77	66.90	70.10	22119109	1537682048.00
2017/11/17	69.59	72.60	68.94	71.72	22768852	1617048832.00
2017/11/20	70.27	72.58	68.95	70.82	18378220	1292260096.00
2017/11/21	70.00	72.68	69.57	71.05	21673312	1549312128.00
2017/11/22	71.80	73.05	68.45	69.24	18062584	1266450432.00
2017/11/23	69.27	69.52	65.40	66.37	17863278	1200506752.00
2017/11/24	66.18	66.30	64.20	65.72	17653954	1147778944.00
2017/11/27	65.00	65.40	62.80	64.26	17250134	1098598528.00
2017/11/28	63.95	64.73	62.70	63.73	13357402	848739520.00
2017/11/29	64.08	65.50	62.81	64.34	15464064	991390976.00
2017/11/30	63.55	63.60	61.80	62.48	16619111	1039596096.00
2017/12/01	62.33	64.26	61.84	62.18	17758498	1115429376.00
2017/12/04	61.89	64.96	61.85	64.67	21716408	1383801856.00
2017/12/05	63.83	66.55	63.76	66.37	24202347	1587921152.00
2017/12/06	65.50	65.99	62.84	65.16	18028768	1161699328.00
2017/12/07	64.90	64.90	62.20	63.04	18606796	1171028096.00
2017/12/08	62.73	64.57	62.00	64.18	17121234	1085375488.00
2017/12/11	63.98	65.95	63.10	65.71	15728532	1017982144.00
2017/12/12	65.19	65.65	63.91	64.01	9914699	642573888.00
2017/12/13	63.25	63.90	62.36	63.72	12941030	818913472.00
2017/12/14	63.70	63.74	62.35	62.50	9110825	572267392.00
2017/12/15	62.16	64.12	62.16	63.51	12970507	821626304.00
2017/12/18	62.98	64.40	62.71	63.83	5995997	382053248.00
2017/12/19	63.50	68.68	63.40	68.10	26037455	1745680384.00
2017/12/20	67.88	68.60	67.37	68.49	16904548	1153473536.00
2017/12/21	68.20	69.70	67.71	68.53	12840496	884264704.00
2017/12/22	68.31	68.82	67.20	67.51	9141894	622133184.00
2017/12/25	67.68	69.60	66.28	67.10	16359013	1110123008.00
2017/12/26	67.45	71.35	66.80	70.98	20398378	1412841472.00
2017/12/27	70.01	70.28	67.45	67.76	11834478	812499840.00
2017/12/28	67.76	70.44	66.40	69.56	13809274	951857792.00
2017/12/29	69.70	71.00	68.20	70.20	10266750	713173056.00
2018/01/02	70.21	71.82	68.97	70.90	14036384	989789504.00
2018/01/03	70.65	70.88	67.55	68.28	21234654	1462166784.00
2018/01/04	68.25	68.44	66.10	66.81	26356358	1770120960.00
2018/01/05	66.78	67.04	65.00	65.38	22856451	1505589760.00
2018/01/08	64.97	64.97	62.32	63.71	44463828	2801094400.00
2018/01/09	63.50	65.05	63.05	64.48	27632868	1774822784.00
2018/01/10	64.20	64.20	62.50	63.35	23884119	1506634880.00
2018/01/11	62.80	64.38	62.45	63.62	19533425	1243665536.00
2018/01/12	63.60	64.98	63.03	64.88	22267962	1428932864.00
2018/01/15	64.98	68.00	64.97	67.85	41442362	2776035328.00
2018/01/16	67.90	68.96	66.46	66.57	29567136	1992217856.00
2018/01/17	66.28	68.16	65.90	66.63	21156620	1420311040.00
2018/01/18	66.98	67.56	63.52	63.78	35193464	2296814336.00
2018/01/19	63.82	63.98	62.49	63.07	26540454	1672845696.00
2018/01/22	62.89	63.36	60.30	60.74	47091359	2885280256.00
2018/01/23	60.77	62.57	60.76	61.29	43512193	2682778880.00
2018/01/24	61.53	61.88	59.30	59.96	43619168	2610929408.00
2018/01/25	59.86	59.86	58.33	59.15	30269502	1781744640.00
2018/01/26	59.00	61.26	58.99	60.50	34275946	2059345024.00
2018/01/29	60.66	60.85	58.35	58.48	25804878	1534486912.00
2018/01/30	58.14	59.33	57.80	58.97	14168232	833770496.00
2018/01/31	58.62	60.25	58.60	60.13	19883134	1191377664.00
2018/02/01	60.15	60.71	59.62	60.61	20534997	1238902784.00
2018/02/02	59.90	61.70	59.50	61.40	21038209	1280652544.00
2018/02/05	60.60	62.80	60.36	62.55	22057087	1364241920.00
2018/02/06	61.39	61.94	60.35	61.49	18617660	1138186240.00
2018/02/07	61.88	62.33	57.00	59.18	17623421	1058913600.00
2018/02/08	58.19	59.00	55.90	56.77	19850989	1129424896.00
2018/02/09	55.00	55.00	51.09	51.63	29204280	1524231808.00
2018/02/12	51.90	52.15	49.50	51.55	14960283	769176000.00
2018/02/13	52.00	53.54	52.00	52.23	15448790	814892160.00
2018/02/14	52.42	52.60	51.15	51.94	9493875	491218176.00
2018/02/22	52.65	54.88	52.65	54.58	12575619	677049728.00
2018/02/23	54.75	55.98	54.01	55.08	10210576	562898496.00
2018/02/26	55.20	56.23	55.20	55.88	11509811	641296000.00
2018/02/27	56.10	56.23	53.32	53.97	16877272	913853696.00
2018/02/28	53.30	53.45	52.03	52.73	14685118	775477824.00
2018/03/01	52.05	53.30	52.00	52.60	13277190	699478848.00
2018/03/02	52.01	52.58	51.49	52.01	9842771	511872000.00
2018/03/05	51.98	52.60	51.65	52.18	9186069	478182400.00
2018/03/06	52.51	53.92	51.72	53.87	15836954	836328192.00
2018/03/07	53.50	54.88	53.25	53.47	14186075	766925312.00
2018/03/08	53.23	54.79	53.11	53.80	9851736	531062720.00
2018/03/09	54.00	54.49	53.33	53.93	9586729	515342144.00
2018/03/12	54.05	54.30	53.03	53.62	12767340	684531520.00
2018/03/13	53.62	53.98	51.95	52.06	14550831	767881792.00
2018/03/14	51.80	52.35	51.70	52.18	10317431	537206592.00
2018/03/15	52.00	53.10	51.92	52.51	11346346	596167488.00
2018/03/16	52.60	53.30	51.87	51.97	15397905	808942656.00
2018/03/19	51.89	52.86	51.01	52.74	14723594	766384768.00
2018/03/20	52.00	52.40	51.65	51.92	11531821	599195776.00
2018/03/21	52.50	52.59	49.08	49.51	40316277	2029691264.00
2018/03/22	49.16	49.18	46.90	47.18	35511518	1689125120.00
2018/03/23	45.04	47.18	45.00	47.18	30631378	1411842048.00
2018/03/26	46.40	46.60	45.20	45.91	19696154	899920704.00
2018/03/27	46.57	46.65	45.66	46.31	19275659	887382784.00
2018/03/28	45.69	46.59	44.74	45.07	19796236	900153344.00
2018/03/29	45.20	47.30	44.70	46.95	30968502	1429164032.00
2018/03/30	46.51	46.65	45.73	46.02	21842002	1006169472.00
2018/04/02	46.00	46.53	45.33	45.44	19917062	912897088.00
2018/04/03	44.88	45.59	44.78	45.12	13284654	599818688.00
2018/04/04	45.25	46.10	44.80	45.50	18021193	821063040.00
2018/04/09	45.31	46.35	45.03	46.32	17701670	813094592.00
2018/04/10	46.34	47.57	46.06	47.48	22196519	1037336640.00
2018/04/11	47.40	47.40	46.57	46.68	18455044	866332480.00
2018/04/12	46.54	46.89	45.97	46.07	12361725	573290368.00
2018/04/13	46.41	46.49	45.11	45.22	13809181	629638080.00
2018/04/16	44.99	45.22	43.00	43.05	23653086	1035836672.00
2018/04/17	43.15	43.58	41.65	41.70	23587850	1006388800.00
2018/04/18	42.03	42.20	41.22	41.74	22289015	930175424.00
2018/04/19	41.90	42.46	41.74	42.00	19752465	831397760.00
2018/04/20	41.91	42.17	40.51	41.20	20566440	847865152.00
2018/04/23	41.16	42.23	40.82	42.18	19510031	811882112.00
2018/04/24	42.30	44.16	42.06	43.92	37589812	1633681152.00
数据来源:通达信
