601989 中国重工 日线 不复权
      日期	    开盘	    最高	    最低	    收盘	    成交量	    成交额
2009/12/16	8.41	8.70	8.06	8.30	916252251	7614713856.00
2009/12/17	8.00	8.14	7.60	7.75	356324136	2812480000.00
2009/12/18	7.89	8.08	7.75	7.84	228972943	1814339456.00
2009/12/21	7.78	7.88	7.54	7.71	164019558	1261505664.00
2009/12/22	7.68	7.70	7.43	7.44	125574381	947047360.00
2009/12/23	7.46	7.72	7.34	7.54	144400976	1086675712.00
2009/12/24	7.48	7.59	7.39	7.54	137192733	1030253312.00
2009/12/25	7.50	7.77	7.45	7.57	125222332	955328064.00
2009/12/28	7.55	7.62	7.52	7.59	93791298	709379904.00
2009/12/29	7.52	7.89	7.39	7.74	184163234	1404541056.00
2009/12/30	7.70	7.75	7.60	7.68	95711915	734662784.00
2009/12/31	7.71	7.99	7.68	7.81	136941784	1075807232.00
2010/01/04	7.76	7.80	7.62	7.63	85240856	654889280.00
2010/01/05	7.65	7.67	7.50	7.60	63230129	479113440.00
2010/01/06	7.55	7.78	7.54	7.69	93441130	717313472.00
2010/01/07	7.65	7.76	7.56	7.60	65879625	504118592.00
2010/01/08	7.61	7.65	7.44	7.52	55884840	419557440.00
2010/01/11	7.65	7.78	7.60	7.68	100836135	776743104.00
2010/01/12	7.60	7.98	7.60	7.93	123518981	967112256.00
2010/01/13	7.81	8.03	7.75	7.82	104209987	821958976.00
2010/01/14	7.83	8.28	7.76	8.15	139748547	1127600896.00
2010/01/15	8.14	8.15	8.03	8.04	88140142	712828096.00
2010/01/18	8.06	8.10	7.94	8.02	56218188	450262400.00
2010/01/19	8.01	8.21	7.98	8.06	62007714	501314496.00
2010/01/20	8.03	8.06	7.65	7.72	74504311	582897088.00
2010/01/21	7.70	7.76	7.59	7.67	45814283	351317440.00
2010/01/22	7.56	7.63	7.48	7.59	46392801	350102944.00
2010/01/25	7.50	7.61	7.50	7.51	19193610	144933712.00
2010/01/26	7.53	7.68	7.40	7.50	50265500	379036224.00
2010/01/27	7.48	7.62	7.42	7.50	26832067	202332560.00
2010/01/28	7.50	7.68	7.49	7.65	43887246	334052224.00
2010/01/29	7.61	7.72	7.53	7.55	38380934	293282592.00
2010/02/01	7.53	7.55	7.25	7.27	66922141	493898432.00
2010/02/02	7.30	7.36	7.03	7.10	52502404	377870112.00
2010/02/03	7.07	7.17	6.82	7.15	41112725	288575072.00
2010/02/04	7.09	7.33	6.98	7.18	44838479	320326272.00
2010/02/05	6.98	7.16	6.92	7.02	40328703	283657568.00
2010/02/08	7.02	7.11	6.99	7.03	16553520	116494064.00
2010/02/09	7.03	7.05	6.95	6.96	15679105	109634648.00
2010/02/10	7.02	7.04	6.95	7.01	15404994	107530896.00
2010/02/11	7.01	7.07	6.87	6.92	40675383	281907648.00
2010/02/12	6.95	6.96	6.86	6.93	22841926	157825232.00
2010/02/22	6.89	7.02	6.88	6.96	25292981	176441312.00
2010/02/23	6.92	6.96	6.82	6.90	19785110	135868880.00
2010/02/24	6.87	7.03	6.84	7.02	24049347	167492016.00
2010/02/25	7.04	7.29	7.00	7.19	66536188	476906912.00
2010/02/26	7.14	7.20	7.10	7.17	31995958	229103168.00
2010/03/01	7.20	7.22	7.14	7.17	24396645	175170608.00
2010/03/02	7.20	7.20	7.07	7.09	26449891	188355360.00
2010/03/03	7.08	7.41	7.06	7.33	69769284	508182080.00
2010/03/04	7.31	7.41	7.06	7.10	51489450	372702528.00
2010/03/05	7.14	7.34	7.10	7.33	38766673	280489024.00
2010/03/08	7.33	7.43	7.31	7.34	42399244	312968128.00
2010/03/09	7.36	7.42	7.25	7.39	31695401	233230000.00
2010/03/10	7.41	7.53	7.28	7.35	31712598	235203904.00
2010/03/11	7.36	7.39	7.19	7.30	22516440	164011312.00
2010/03/12	7.27	7.31	7.11	7.14	23186043	166801680.00
2010/03/15	7.11	7.16	6.98	7.01	26141005	184187312.00
2010/03/16	6.85	6.88	6.49	6.76	193680253	1301972608.00
2010/03/17	6.68	6.88	6.66	6.87	63845668	432576864.00
2010/03/18	6.87	6.88	6.80	6.82	46951971	320752224.00
2010/03/19	6.83	6.87	6.78	6.86	31428396	214855584.00
2010/03/22	6.85	7.03	6.82	6.97	48172613	334723488.00
2010/03/23	6.96	7.02	6.92	6.95	34439887	240036192.00
2010/03/24	6.90	7.01	6.90	6.94	30124749	209825808.00
2010/03/25	6.93	6.94	6.81	6.85	35867046	245719120.00
2010/03/26	6.84	7.02	6.84	6.94	28396948	197236928.00
2010/03/29	7.02	7.31	6.94	7.08	89604478	639990528.00
2010/03/30	7.07	7.11	7.01	7.08	30334411	214135568.00
2010/03/31	7.10	7.11	6.96	6.98	31392884	219891440.00
2010/04/01	7.03	7.18	6.91	7.06	71784709	506660448.00
2010/04/02	7.07	7.24	7.05	7.16	91758327	657546112.00
2010/04/06	7.18	7.19	7.00	7.05	74724137	528736544.00
2010/04/07	7.07	7.17	6.97	7.15	56057273	395661472.00
2010/04/08	7.11	7.23	7.06	7.10	72022727	515465984.00
2010/04/09	7.14	7.14	7.03	7.11	40310085	285410080.00
2010/04/12	7.13	7.13	6.92	6.93	63154135	441901568.00
2010/04/13	6.92	7.09	6.88	7.02	51445556	358996896.00
2010/04/14	7.00	7.02	6.91	6.98	35088392	243728448.00
2010/04/15	6.97	6.99	6.85	6.92	28504321	197390656.00
2010/04/16	6.92	6.92	6.82	6.84	26888919	184353120.00
2010/04/19	6.82	6.91	6.65	6.70	53627737	363775072.00
2010/04/20	6.73	6.85	6.68	6.80	39067145	264293200.00
2010/04/21	6.85	6.92	6.73	6.85	40556092	276867776.00
2010/04/22	6.85	6.85	6.71	6.74	36369491	246257056.00
2010/04/23	6.74	6.77	6.65	6.68	30807192	206364768.00
2010/04/26	6.70	6.78	6.67	6.70	23810416	160121184.00
2010/04/27	6.69	6.69	6.45	6.57	40917320	268953472.00
2010/04/28	6.52	6.57	6.44	6.53	30370053	197713040.00
2010/04/29	6.57	6.59	6.48	6.50	23079287	150825216.00
2010/04/30	6.51	6.87	6.47	6.75	61541700	413306912.00
2010/05/04	6.69	6.93	6.66	6.86	55940046	382619168.00
2010/05/05	6.85	7.55	6.78	7.50	261175966	1907936128.00
2010/07/16	6.71	6.90	6.71	6.72	265032650	1784811008.00
2010/07/19	6.59	7.09	6.52	7.04	119782590	820717760.00
2010/07/20	7.02	7.15	6.95	7.10	95912039	674535360.00
2010/07/21	7.07	7.16	6.99	7.00	72429449	510910912.00
2010/07/22	7.00	7.08	6.92	7.04	42314907	296317248.00
2010/07/23	7.05	7.07	6.90	6.99	38052283	265821152.00
2010/07/26	7.00	7.46	6.99	7.27	75402118	547561984.00
2010/07/27	7.23	7.32	7.16	7.19	47285904	341838688.00
2010/07/28	7.18	7.31	7.11	7.27	49080522	355318688.00
2010/07/29	7.28	7.51	7.24	7.47	87248758	644968256.00
2010/07/30	7.46	7.57	7.37	7.41	51283341	381752320.00
2010/08/02	7.42	7.53	7.38	7.43	44525107	330552320.00
2010/08/03	7.45	7.50	7.25	7.26	44544715	328038368.00
2010/08/04	7.20	7.53	7.13	7.50	67227113	492234560.00
2010/08/05	7.48	7.63	7.44	7.51	83306165	628941696.00
2010/08/06	7.49	7.64	7.35	7.62	56143449	422188416.00
2010/08/09	7.61	7.93	7.52	7.88	83576975	653283328.00
2010/08/10	7.88	8.03	7.75	7.86	114623180	907838464.00
2010/08/11	7.77	8.02	7.75	7.86	57618204	454705024.00
2010/08/12	7.78	7.83	7.59	7.61	63971361	492215392.00
2010/08/13	7.63	7.99	7.61	7.93	52587945	410644928.00
2010/08/16	7.95	8.69	7.95	8.34	122229470	1026337984.00
2010/08/17	8.35	8.65	8.35	8.48	103595649	881323776.00
2010/08/18	8.49	8.64	8.40	8.47	68592486	585342336.00
2010/08/19	8.49	9.20	8.36	9.01	111142946	981432960.00
2010/08/20	8.95	9.07	8.72	8.82	68385924	608131584.00
2010/08/23	8.75	9.07	8.73	8.81	52402402	465692512.00
2010/08/24	8.82	8.90	8.59	8.79	48058749	419921728.00
2010/08/25	8.69	8.85	8.55	8.59	45527307	395386976.00
2010/08/26	8.59	8.78	8.49	8.69	52029789	448698592.00
2010/08/27	8.67	8.72	8.52	8.64	36172398	311508512.00
2010/08/30	8.68	9.12	8.62	9.01	68624987	612786368.00
2010/08/31	8.97	9.03	8.88	8.95	34973892	312547296.00
2010/09/01	8.91	9.35	8.85	9.00	92417304	843258944.00
2010/09/02	9.10	9.15	8.95	9.00	63099833	570112832.00
2010/09/03	9.00	9.07	8.75	8.90	52783272	469827360.00
2010/09/06	8.87	9.25	8.82	9.11	64319322	584081920.00
2010/09/07	9.14	9.35	9.07	9.13	43379951	398486272.00
2010/09/08	9.12	9.30	9.07	9.28	44212661	405560640.00
2010/09/09	9.31	9.31	8.88	8.88	52858459	477306176.00
2010/09/10	8.94	8.98	8.60	8.86	41831893	369049984.00
2010/09/13	8.88	9.19	8.88	9.11	49637676	452568032.00
2010/09/14	9.15	9.22	9.07	9.14	30657622	280033792.00
2010/09/15	9.13	9.14	8.82	8.86	33461057	299688160.00
2010/09/17	9.00	9.25	8.68	8.70	59151101	527901088.00
2010/09/20	8.71	8.78	8.30	8.41	61745290	523522176.00
2010/09/21	8.45	8.49	8.29	8.34	26930290	224948720.00
2010/09/27	8.43	8.73	8.42	8.67	29676055	255441696.00
2010/09/28	8.70	8.74	8.39	8.54	34954569	298438368.00
2010/09/29	8.50	8.74	8.32	8.56	51642006	440602048.00
2010/09/30	8.42	8.70	8.39	8.65	44821118	383616768.00
2010/10/08	8.71	8.95	8.61	8.86	45511252	399541344.00
2010/10/11	8.80	9.08	8.78	8.92	51987107	464789728.00
2010/10/12	8.91	9.05	8.85	8.93	54366697	487281856.00
2010/10/13	8.88	8.98	8.67	8.86	48664659	427306176.00
2010/10/14	8.85	9.15	8.74	8.77	66720122	597430144.00
2010/10/15	8.68	9.59	8.54	9.55	141146989	1286846720.00
2010/10/18	9.89	10.08	9.43	9.46	157571510	1532965120.00
2010/10/19	9.50	9.95	9.36	9.78	87256053	842213376.00
2010/10/20	9.51	9.95	9.48	9.63	75690643	732150080.00
2010/10/21	9.66	9.70	9.38	9.42	55275317	525703776.00
2010/10/22	9.40	9.62	9.35	9.40	41877180	397493504.00
2010/10/25	9.45	9.54	9.20	9.50	67402957	634501632.00
2010/10/26	9.51	9.85	9.45	9.51	60229282	578189696.00
2010/10/27	9.42	9.61	9.39	9.46	37699879	357566592.00
2010/10/28	9.42	9.76	9.35	9.59	52087970	496580576.00
2010/10/29	9.59	10.30	9.55	10.13	98115610	972155392.00
2010/11/01	10.15	11.14	10.10	11.14	157202130	1678322176.00
2010/11/02	11.18	11.43	10.86	10.88	115300119	1283517184.00
2010/11/03	10.90	11.85	10.90	11.10	107181699	1212363776.00
2010/11/04	11.19	11.40	10.98	11.38	62642651	704450112.00
2010/11/05	11.43	11.65	11.24	11.38	58077862	663728320.00
2010/11/08	11.39	11.93	11.39	11.55	58924634	686215808.00
2010/11/09	11.55	11.61	11.11	11.24	53226058	600215744.00
2010/11/10	11.20	11.22	10.82	11.00	72155068	791772736.00
2010/11/11	10.99	11.15	10.83	10.86	52502784	577414272.00
2010/11/12	10.75	10.81	9.91	10.02	83124359	857746112.00
2010/11/15	10.05	10.61	10.05	10.35	61130469	631941184.00
2010/11/16	10.36	10.80	10.11	10.49	72662276	760147712.00
2010/11/17	10.25	10.40	9.87	9.90	62571920	631592960.00
2010/11/18	9.95	10.28	9.94	10.21	37875338	382749856.00
2010/11/19	10.60	11.00	10.43	10.74	71154856	759964352.00
2010/11/22	10.60	11.00	10.48	10.75	46232578	498721152.00
2010/11/23	10.68	10.85	10.10	10.32	44039828	456786176.00
2010/11/24	10.28	10.68	10.27	10.62	40637304	428318400.00
2010/11/25	10.65	11.13	10.65	11.00	56397827	617563776.00
2010/11/26	10.90	10.95	10.59	10.69	42606628	456237888.00
2010/11/29	10.80	11.37	10.76	11.17	76345899	851255936.00
2010/11/30	11.14	11.22	10.40	10.81	67078993	725668928.00
2010/12/01	10.75	11.18	10.60	10.94	45542717	501273376.00
2010/12/02	11.12	11.18	10.85	10.87	33522352	367523264.00
2010/12/03	10.84	11.20	10.84	10.99	46163743	510202752.00
2010/12/06	10.94	11.12	10.70	10.88	29795639	325181504.00
2010/12/07	10.80	10.86	10.50	10.81	33180611	353857312.00
2010/12/08	10.80	11.20	10.71	10.90	47222311	519344704.00
2010/12/09	10.80	11.35	10.56	11.13	88925302	987815872.00
2010/12/10	11.05	11.63	10.86	11.55	96863291	1105249408.00
2010/12/13	11.67	12.50	11.55	12.31	102926845	1251808896.00
2010/12/14	12.31	12.58	12.12	12.28	56210913	689925056.00
2010/12/20	12.39	13.44	11.78	12.67	130673416	1628006912.00
2010/12/21	12.58	12.84	12.25	12.60	64713430	811171456.00
2010/12/22	12.51	12.64	12.20	12.28	38948862	481863680.00
2010/12/23	12.22	12.78	12.20	12.25	44337549	552987712.00
2010/12/24	12.15	12.55	11.80	11.82	57721832	703382016.00
2010/12/27	11.88	12.05	11.00	11.48	54375019	632385408.00
2010/12/28	11.25	11.69	11.16	11.38	40596524	462232960.00
2010/12/29	11.30	11.92	11.28	11.80	40444276	472937440.00
2010/12/30	11.80	12.00	11.68	11.79	24679828	291978112.00
2011/01/04	12.06	12.48	11.96	12.40	41228851	503091936.00
2011/01/05	12.30	13.22	12.20	12.82	71070391	913283008.00
2011/01/06	12.81	13.05	12.65	12.80	36119912	462990496.00
2011/01/07	12.84	12.90	12.49	12.56	32861961	417163296.00
2011/01/10	12.48	13.05	12.43	12.60	46773348	599297472.00
2011/01/11	12.52	12.58	11.90	12.21	55386489	674991616.00
2011/01/12	12.28	12.44	11.94	12.14	30127776	366533696.00
2011/01/13	12.11	12.30	11.95	12.08	25673424	309986304.00
2011/01/14	11.99	12.24	11.81	12.08	28526288	343959520.00
2011/01/17	11.98	12.06	11.22	11.34	54796923	633640192.00
2011/01/18	11.19	11.53	11.12	11.42	24473488	278506272.00
2011/01/19	11.45	12.26	11.36	12.22	50289663	600534144.00
2011/01/20	12.22	12.23	11.73	11.74	33943169	406333856.00
2011/01/21	11.68	12.91	11.66	12.53	87788900	1096799488.00
2011/01/24	12.50	13.05	12.48	12.76	69565746	893597760.00
2011/01/25	12.75	12.80	11.79	12.11	69239012	839015872.00
2011/01/26	12.00	12.78	11.95	12.57	57337960	708487936.00
2011/01/27	12.40	13.39	12.20	13.11	115889286	1505780864.00
2011/01/28	12.90	13.55	12.85	13.14	84338199	1116090368.00
2011/01/31	13.00	14.12	12.98	14.09	96398556	1315717248.00
2011/02/01	14.45	14.46	13.59	13.73	70036522	969883520.00
2011/02/09	13.63	14.29	13.54	14.16	63625239	882434752.00
2011/02/10	14.00	14.12	13.45	13.78	59351385	815929088.00
2011/02/11	13.72	14.38	13.58	13.72	57531818	804710848.00
2011/02/14	13.68	13.86	13.45	13.73	57055381	780337152.00
2011/02/15	13.73	14.25	13.60	13.93	79724861	1108861312.00
2011/02/16	13.81	14.00	13.71	13.95	46530391	644600832.00
2011/02/17	13.98	14.64	13.86	14.59	90340829	1288852864.00
2011/02/18	14.53	14.53	14.01	14.08	58653468	833870656.00
2011/02/21	14.00	14.38	13.93	14.13	46133058	651680512.00
2011/02/22	14.09	14.18	13.41	13.47	78037578	1068311040.00
2011/02/23	13.45	13.70	13.05	13.44	45401024	611144704.00
2011/02/24	13.40	13.70	13.24	13.51	34054740	460874592.00
2011/02/25	13.53	13.85	13.47	13.73	30601923	419649632.00
2011/02/28	13.76	14.29	13.73	14.18	44220962	621350720.00
2011/03/01	14.18	14.48	14.06	14.17	50122833	716092544.00
2011/03/02	14.08	14.27	13.88	14.10	35359939	496081120.00
2011/03/03	14.11	14.33	13.60	13.74	43919309	608848384.00
2011/03/04	13.74	14.04	13.51	13.91	29375932	404839488.00
2011/03/07	13.98	14.13	13.77	13.97	38553362	536728256.00
2011/03/08	14.01	14.16	13.87	14.00	27220884	381304352.00
2011/03/09	14.05	14.48	13.93	14.34	69252716	987170880.00
2011/03/10	14.29	14.29	13.93	13.99	34284228	481053888.00
2011/03/11	13.85	13.99	13.55	13.59	48137902	660688512.00
2011/03/14	13.46	13.89	13.21	13.36	47302379	633492416.00
2011/03/15	13.36	13.53	13.06	13.51	40868994	543537280.00
2011/03/16	13.51	13.71	13.32	13.50	23412483	316060928.00
2011/03/17	13.46	13.46	13.06	13.19	35856210	474563392.00
2011/04/12	13.50	14.45	13.20	13.86	111537980	1555749504.00
2011/04/13	13.85	14.16	13.67	14.02	46182257	647709568.00
2011/04/14	14.08	14.13	13.79	13.81	30009566	417567520.00
2011/04/15	13.80	13.88	13.29	13.62	35923072	485142208.00
2011/04/18	13.60	13.60	13.21	13.34	35556761	474851552.00
2011/04/19	13.28	13.46	13.15	13.21	23457018	310671296.00
2011/04/20	13.27	13.35	13.13	13.24	16090915	213005296.00
2011/04/21	13.29	13.36	13.18	13.26	16861905	223590880.00
2011/04/22	13.29	13.50	13.23	13.32	24212655	323429312.00
2011/04/25	13.22	13.24	12.48	12.58	41696129	533758336.00
2011/04/26	12.58	12.80	12.32	12.35	22967454	288029504.00
2011/04/27	12.35	12.51	12.09	12.19	24584658	301252544.00
2011/04/28	12.19	12.40	11.61	11.64	22940293	276033440.00
2011/04/29	11.69	12.19	11.68	12.17	21668217	258759600.00
2011/05/03	12.40	12.40	12.00	12.20	17215785	208894256.00
2011/05/04	12.15	12.22	11.69	11.78	18369799	219217904.00
2011/05/05	11.79	11.82	11.48	11.78	16966065	197850704.00
2011/05/06	11.69	12.19	11.51	11.89	16400876	194769392.00
2011/05/09	11.98	12.25	11.89	11.97	21710376	262244176.00
2011/05/10	12.00	12.20	11.83	12.14	13269062	159515120.00
2011/05/11	12.14	12.43	12.02	12.20	24450551	299329024.00
2011/05/12	12.07	12.32	12.05	12.09	15051499	183965616.00
2011/05/13	12.05	12.35	12.05	12.31	18058223	221360992.00
2011/05/16	12.21	12.45	12.03	12.19	18343576	223384032.00
2011/05/17	12.19	12.33	11.85	12.23	18629638	226440048.00
2011/05/18	12.24	12.60	12.11	12.53	25679480	318541600.00
2011/05/19	12.53	13.03	12.34	12.41	29277466	367447520.00
2011/05/20	12.42	12.49	12.16	12.26	10793695	132385912.00
2011/05/24	11.80	12.00	11.49	11.98	32602520	383955104.00
2011/05/25	11.86	12.08	11.80	12.03	18597184	222178000.00
2011/05/26	12.10	12.15	11.92	11.97	20182069	242897984.00
2011/05/27	11.99	12.00	11.22	11.37	24872390	287190688.00
2011/05/30	11.25	11.43	10.94	11.03	15140632	169818832.00
2011/05/31	11.05	11.35	10.91	11.33	17597630	194981856.00
2011/06/01	11.25	11.98	11.20	11.82	36524386	427502720.00
2011/06/02	11.64	11.99	11.58	11.81	23898167	283113664.00
2011/06/07	12.00	12.25	11.92	12.02	20347763	246148896.00
2011/06/08	12.00	12.36	11.75	12.12	26420247	320106720.00
2011/06/09	12.16	12.37	11.84	11.91	23410212	283312928.00
2011/06/10	11.95	12.46	11.81	12.42	43185178	527328896.00
2011/06/13	12.48	12.71	12.32	12.42	35848565	448822784.00
2011/06/14	12.32	12.68	12.32	12.56	31394389	393232544.00
2011/06/15	12.42	12.66	12.37	12.50	23271700	291454464.00
2011/06/16	12.39	12.56	12.17	12.23	20853121	256762784.00
2011/06/17	12.16	13.08	12.14	12.78	70340421	895832384.00
2011/06/20	12.80	13.00	12.38	12.78	34467002	436837760.00
2011/06/21	12.94	12.99	12.74	12.88	31402151	403942848.00
2011/06/22	12.82	13.05	12.61	12.80	21175746	271371872.00
2011/06/23	12.73	12.83	12.44	12.72	26773618	338219808.00
2011/06/27	13.98	13.98	13.02	13.40	91125535	1225819520.00
2011/06/28	13.40	13.59	13.24	13.32	51451281	689284544.00
2011/06/29	13.20	13.48	12.96	13.32	40788141	539901248.00
2011/06/30	13.25	13.80	13.22	13.79	59894124	810644224.00
2011/07/01	13.70	13.82	13.41	13.47	42499045	578334912.00
2011/07/04	13.43	13.59	13.32	13.52	39674211	533981184.00
2011/07/05	13.50	13.75	13.38	13.60	33423770	454485504.00
2011/07/06	13.45	13.72	13.25	13.50	34767652	468450464.00
2011/07/07	13.43	13.64	13.28	13.28	29634663	398803936.00
2011/07/08	13.37	13.67	13.15	13.53	41567212	560006720.00
2011/07/11	13.54	13.67	13.42	13.58	24322319	329242752.00
2011/07/12	13.48	13.48	13.22	13.25	26706871	356410624.00
2011/07/13	13.22	13.49	13.21	13.36	17779205	237702912.00
2011/07/14	13.39	13.75	13.33	13.59	31852570	431818432.00
2011/07/15	13.70	13.91	13.60	13.66	40417176	557283008.00
2011/07/18	13.66	13.82	13.54	13.70	24464957	334247712.00
2011/07/19	13.61	13.72	13.52	13.70	18606817	253569744.00
2011/07/20	13.78	13.84	13.60	13.76	25450621	350329696.00
2011/07/21	13.71	13.87	13.31	13.35	22765751	309121056.00
2011/07/22	13.39	13.47	13.31	13.38	13729715	183697392.00
2011/07/25	13.39	13.62	13.00	13.13	31291395	417604576.00
2011/07/26	13.00	13.26	12.90	13.20	15291919	200538432.00
2011/07/27	13.25	13.88	13.15	13.71	44321739	602679872.00
2011/07/28	13.80	14.20	13.60	13.72	66569553	923931072.00
2011/07/29	13.73	13.80	13.15	13.29	39924641	532368672.00
2011/08/01	13.30	13.38	13.04	13.16	25430992	334546752.00
2011/08/02	13.13	13.26	12.91	13.12	18688880	243892032.00
2011/08/03	13.00	13.19	12.95	13.13	19148818	249849056.00
2011/08/04	13.14	13.29	13.03	13.05	18052321	236940064.00
2011/08/05	12.78	12.95	12.59	12.79	25752626	328867040.00
2011/08/08	12.55	12.76	11.65	12.11	35632069	434513792.00
2011/08/09	11.72	12.29	11.52	12.19	34385713	413157856.00
2011/08/10	12.48	12.70	12.18	12.22	38603985	480251872.00
2011/08/11	11.98	12.44	11.89	12.36	22089841	271174464.00
2011/08/12	12.43	12.56	12.31	12.45	17440853	216821728.00
2011/08/15	12.50	12.60	12.35	12.52	17314695	215988496.00
2011/08/16	12.52	12.59	12.24	12.39	17127008	212300320.00
2011/08/17	12.42	12.62	12.20	12.49	22811858	283993440.00
2011/08/18	12.53	12.75	12.47	12.61	25319270	318970496.00
2011/08/19	12.48	12.75	12.39	12.51	27986270	351465888.00
2011/08/22	12.55	12.62	12.08	12.18	17523173	215053856.00
2011/08/23	12.30	12.49	12.15	12.37	20065950	246505280.00
2011/08/24	12.45	12.45	12.20	12.23	23034713	284370176.00
2011/08/25	12.23	12.80	12.14	12.71	35278730	438371680.00
2011/08/26	12.58	12.71	12.53	12.66	34140354	430485728.00
2011/08/29	12.54	12.61	12.34	12.39	18034530	224668672.00
2011/08/30	12.50	12.59	12.21	12.36	16063161	199040528.00
2011/08/31	12.30	12.32	12.10	12.28	13474563	164244144.00
2011/09/01	12.28	12.34	12.12	12.17	7459720	91187896.00
2011/09/02	12.14	12.21	11.98	12.03	8263555	99681448.00
2011/09/06	11.80	11.96	11.61	11.93	12488569	147365120.00
2011/09/07	11.91	12.05	11.78	12.02	9230942	110250120.00
2011/09/08	12.07	12.10	11.75	11.79	8883304	105697000.00
2011/09/09	11.95	11.96	11.64	11.76	16521392	194427792.00
2011/09/13	11.62	11.69	11.30	11.49	14645032	168040640.00
2011/09/14	11.55	11.85	11.32	11.76	10934171	125846320.00
2011/09/15	11.70	11.85	11.58	11.67	16154453	189554672.00
2011/09/16	11.73	11.81	11.64	11.66	13067994	153337776.00
2011/09/19	11.66	11.99	11.45	11.50	13785199	160571904.00
2011/09/20	11.50	11.57	11.31	11.46	6884402	78700672.00
2011/09/21	11.46	11.87	11.40	11.81	23500689	275492096.00
2011/09/22	11.70	11.80	11.36	11.47	14858059	171650384.00
2011/09/23	11.27	11.67	11.11	11.57	16436537	188667712.00
2011/09/26	11.45	11.64	11.26	11.33	9495961	108272616.00
2011/09/27	11.43	11.51	11.31	11.46	7333428	83727336.00
2011/09/28	11.52	11.61	11.38	11.43	9337134	107140384.00
2011/09/29	11.36	11.47	10.96	10.99	19056859	213547712.00
2011/09/30	11.02	11.08	10.49	10.72	16630981	177550576.00
2011/10/10	10.70	10.79	9.99	10.07	30515809	310512320.00
2011/10/11	10.40	10.40	9.91	10.08	22125958	225297536.00
2011/10/12	10.10	10.53	10.00	10.45	22440248	232603408.00
2011/10/13	10.40	10.65	10.35	10.59	24017938	252551040.00
2011/10/14	10.64	10.75	10.45	10.57	21514120	228008656.00
2011/10/17	10.64	10.66	10.40	10.50	12248860	129154176.00
2011/10/18	10.42	10.65	10.21	10.35	16660867	173882656.00
2011/10/19	10.40	10.45	10.17	10.28	12809850	132062808.00
2011/10/20	10.16	10.24	9.45	9.58	25500977	246982176.00
2011/10/21	9.65	9.67	9.35	9.38	11723672	111168120.00
2011/10/24	9.40	9.85	9.31	9.80	18336681	176075776.00
2011/10/25	9.83	10.01	9.58	9.94	17002652	167296816.00
2011/10/26	9.89	10.46	9.85	10.27	24845133	255235792.00
2011/10/27	10.34	10.45	10.25	10.36	12954440	133843960.00
2011/10/28	10.57	10.75	10.40	10.69	21586413	228521088.00
2011/10/31	10.76	10.98	10.50	10.70	17022210	182725424.00
2011/11/01	6.65	6.93	6.65	6.79	32964235	225099376.00
2011/11/02	6.60	6.81	6.47	6.75	41021793	270540768.00
2011/11/03	6.78	6.83	6.59	6.79	49169113	331168704.00
2011/11/04	6.80	7.07	6.76	7.06	70876976	491721696.00
2011/11/07	7.03	7.23	6.97	7.06	40963799	291221856.00
2011/11/08	7.05	7.16	6.92	6.97	24881460	175070256.00
2011/11/09	7.03	7.06	6.91	7.03	19943158	139613088.00
2011/11/10	6.96	7.03	6.89	6.93	35564810	246716944.00
2011/11/11	6.95	6.98	6.62	6.74	52097567	350101056.00
2011/11/14	6.77	6.88	6.70	6.83	32148707	218595024.00
2011/11/15	6.84	7.20	6.77	7.20	68319901	478933824.00
2011/11/16	7.15	7.27	6.98	7.08	59948052	427503136.00
2011/11/17	7.09	7.24	7.05	7.06	38691590	275707552.00
2011/11/18	7.00	7.00	6.72	6.80	28433935	194224528.00
2011/11/21	6.80	6.83	6.66	6.74	15453303	103842032.00
2011/11/22	6.70	6.89	6.68	6.81	18100997	123241448.00
2011/11/23	6.83	6.87	6.71	6.73	16280175	110076232.00
2011/11/24	6.68	6.76	6.61	6.70	14806403	98930976.00
2011/11/25	6.72	6.73	6.56	6.58	13335483	88486512.00
2011/11/29	6.66	6.84	6.49	6.78	33582535	224650480.00
2011/11/30	6.71	6.74	6.19	6.36	37677594	243550816.00
2011/12/01	6.58	6.67	6.40	6.42	34143386	222527568.00
2011/12/02	6.42	6.50	6.30	6.37	15608755	100174888.00
2011/12/05	6.36	6.37	6.20	6.28	16442947	103269384.00
2011/12/06	6.26	6.26	6.09	6.15	19434715	120014048.00
2011/12/07	6.24	6.31	6.18	6.24	17831141	111400656.00
2011/12/08	6.20	6.28	6.05	6.15	17380623	106809520.00
2011/12/09	6.13	6.20	6.10	6.13	10965136	67349696.00
2011/12/12	6.13	6.15	5.96	6.01	15304939	92749904.00
2011/12/13	5.99	5.99	5.56	5.68	42076339	241458048.00
2011/12/14	5.65	5.69	5.49	5.54	21855503	121888624.00
2011/12/15	5.50	5.50	5.12	5.18	36665171	193621488.00
2011/12/16	5.15	5.29	5.06	5.27	33917200	177026448.00
2011/12/19	5.20	5.37	5.02	5.33	37543138	195149424.00
2011/12/20	5.27	5.41	5.23	5.29	28089013	149582128.00
2011/12/21	5.35	5.37	5.18	5.20	15878112	83785976.00
2011/12/22	5.18	5.24	5.08	5.19	23374733	120229608.00
2011/12/23	5.19	5.34	5.15	5.23	16066148	84202368.00
2011/12/26	5.18	5.26	5.08	5.09	20772454	107335776.00
2011/12/27	5.08	5.16	5.02	5.08	15076486	76688528.00
2011/12/28	5.08	5.11	4.92	5.03	21185582	106087064.00
2011/12/29	5.04	5.10	4.98	5.07	17832433	90022088.00
2011/12/30	5.09	5.13	5.04	5.11	25283653	128628952.00
2012/01/04	5.16	5.17	5.04	5.06	22200312	113238336.00
2012/01/05	5.02	5.03	4.55	4.85	27683200	135075584.00
2012/01/06	4.81	4.84	4.60	4.76	21574878	101398592.00
2012/01/09	4.77	4.94	4.70	4.94	25244907	122051016.00
2012/01/10	4.93	5.22	4.91	5.20	46452073	238478672.00
2012/01/11	5.21	5.35	5.20	5.25	32313903	170380800.00
2012/01/12	5.22	5.36	5.21	5.25	24040093	127181680.00
2012/01/13	5.26	5.37	5.07	5.20	26147919	136042144.00
2012/01/16	5.15	5.21	5.06	5.10	13903004	71585976.00
2012/01/17	5.08	5.61	5.02	5.56	43960811	237789424.00
2012/01/18	5.56	5.62	5.39	5.46	32682641	179690192.00
2012/01/19	5.46	5.55	5.36	5.50	28051294	153527872.00
2012/01/30	5.52	5.58	5.36	5.44	21646885	118300072.00
2012/01/31	5.46	5.55	5.45	5.54	23833627	131070296.00
2012/02/01	5.52	5.57	5.42	5.43	14246242	78233352.00
2012/02/02	5.42	5.60	5.41	5.59	22950833	126327944.00
2012/02/03	5.55	5.66	5.49	5.60	26374101	147193280.00
2012/02/06	5.60	5.64	5.49	5.54	24092621	133611656.00
2012/02/07	5.51	5.53	5.32	5.36	20970682	112992912.00
2012/02/08	5.35	5.60	5.32	5.55	27550756	151076240.00
2012/02/09	5.53	5.59	5.48	5.55	24604179	136443744.00
2012/02/10	5.52	5.78	5.46	5.59	37779075	212487888.00
2012/02/13	5.53	5.66	5.51	5.61	28397652	159096704.00
2012/02/14	5.60	5.63	5.50	5.62	27686922	154083328.00
2012/02/15	5.60	6.14	5.56	6.07	81729100	478530304.00
2012/02/16	5.99	6.17	5.86	5.93	82766185	494204000.00
2012/02/17	5.99	5.99	5.88	5.94	37945677	225283040.00
2012/02/20	6.00	6.04	5.91	5.92	26371447	156866992.00
2012/02/21	5.90	5.94	5.78	5.91	22568107	132660264.00
2012/02/22	5.89	5.98	5.86	5.94	27009981	159858256.00
2012/02/23	5.97	6.11	5.94	6.03	47727589	287955744.00
2012/02/24	6.05	6.15	5.95	6.13	69251193	419064864.00
2012/02/27	6.13	6.24	6.10	6.13	83488945	514935872.00
2012/02/28	6.12	6.18	6.10	6.15	41674396	256023632.00
2012/02/29	6.14	6.15	6.00	6.05	33448370	202853536.00
2012/03/01	6.03	6.21	6.00	6.15	65461423	399794176.00
2012/03/02	6.13	6.26	6.12	6.23	58897128	365065600.00
2012/03/05	6.28	6.48	6.23	6.24	62736570	398409568.00
2012/03/06	6.24	6.29	6.10	6.20	40859504	252852736.00
2012/03/07	6.15	6.50	6.12	6.38	84230631	537389824.00
2012/03/08	6.38	6.54	6.34	6.42	54638522	352048128.00
2012/03/09	6.43	6.51	6.40	6.46	37280461	240804432.00
2012/03/12	6.48	6.60	6.37	6.57	63085985	408511904.00
2012/03/13	6.58	6.86	6.56	6.75	71664909	484688256.00
2012/03/14	6.80	6.84	6.30	6.49	91495127	602009856.00
2012/03/15	6.46	6.54	6.22	6.33	52619586	334856992.00
2012/03/16	6.34	6.45	6.27	6.39	37508036	239082592.00
2012/03/19	6.39	6.40	6.22	6.34	34284269	216534272.00
2012/03/20	6.30	6.33	6.17	6.22	27407001	171158208.00
2012/03/21	6.27	6.32	6.18	6.24	26198521	163720448.00
2012/03/22	6.30	6.37	6.23	6.25	43610104	274631552.00
2012/03/23	6.21	6.22	6.00	6.06	32986770	201344160.00
2012/03/26	6.07	6.11	5.89	5.99	26649902	159115824.00
2012/03/27	6.01	6.06	5.95	6.00	17532867	105399448.00
2012/03/28	5.94	6.06	5.78	5.83	27359934	161117456.00
2012/03/29	5.79	5.81	5.45	5.55	36890723	206594272.00
2012/03/30	5.56	5.64	5.51	5.61	20523869	114374160.00
2012/04/05	5.58	5.88	5.56	5.83	31093829	177932992.00
2012/04/06	5.80	5.84	5.72	5.77	19768394	114417456.00
2012/04/09	5.76	5.76	5.58	5.61	18997095	107394272.00
2012/04/10	5.60	5.70	5.49	5.69	21402488	119352272.00
2012/04/11	5.63	5.72	5.57	5.67	26055219	147105600.00
2012/04/12	5.68	5.94	5.66	5.87	41619101	242083616.00
2012/04/13	5.85	6.00	5.84	5.89	25720969	152235520.00
2012/04/16	5.86	5.91	5.81	5.85	18714398	109424232.00
2012/04/17	5.85	5.95	5.79	5.85	23170780	135903040.00
2012/04/18	5.88	6.08	5.88	6.04	36811521	220994032.00
2012/04/19	6.03	6.14	5.97	6.14	32360888	196250416.00
2012/04/20	6.13	6.23	6.09	6.17	35900816	221302048.00
2012/04/23	6.20	6.52	6.17	6.35	109721949	698170176.00
2012/04/24	6.29	6.35	5.98	6.15	68640346	423195360.00
2012/04/25	6.15	6.15	6.00	6.11	37821721	229907984.00
2012/04/26	6.07	6.22	6.05	6.19	36994395	227046240.00
2012/04/27	6.17	6.19	6.07	6.08	22370555	137072144.00
2012/05/03	6.12	6.27	6.08	6.14	43535850	268229456.00
2012/05/04	6.12	6.20	6.09	6.18	27358498	168316880.00
2012/05/07	6.14	6.29	6.11	6.29	74468907	462427296.00
2012/05/08	6.27	6.33	6.23	6.28	70871191	444729440.00
2012/05/09	6.30	6.58	6.29	6.41	125498544	808690944.00
2012/05/10	6.40	6.44	6.20	6.25	56479598	353152000.00
2012/05/11	6.22	6.25	6.10	6.16	33041088	203113344.00
2012/05/14	6.18	6.21	6.07	6.12	32667364	200822608.00
2012/05/15	6.08	6.08	5.92	6.00	33303127	198628368.00
2012/05/16	5.98	6.06	5.86	5.91	27112138	161399728.00
2012/05/17	5.92	5.99	5.86	5.93	41922527	248908944.00
2012/05/18	5.90	5.91	5.68	5.72	36635263	212083040.00
2012/05/21	5.70	5.76	5.67	5.71	18714512	106894080.00
2012/05/22	5.73	5.89	5.73	5.87	63642100	370928640.00
2012/05/23	5.86	5.87	5.77	5.80	23290174	135673520.00
2012/05/24	5.79	5.89	5.76	5.79	34802712	203014960.00
2012/05/25	5.79	5.80	5.66	5.70	19341790	110631216.00
2012/05/28	5.69	5.79	5.55	5.78	31453896	177808768.00
2012/05/29	5.77	5.98	5.72	5.92	49230473	290777696.00
2012/05/30	5.87	5.96	5.84	5.88	22644609	133270616.00
2012/05/31	5.90	6.02	5.87	5.90	44978894	267894560.00
2012/06/01	5.93	6.01	5.81	5.87	35596691	210082208.00
2012/06/04	5.75	5.79	5.52	5.62	38751100	218736656.00
2012/06/05	5.61	5.65	5.58	5.59	14150451	79408560.00
2012/06/06	5.61	5.67	5.51	5.53	27415474	153002624.00
2012/06/07	5.60	5.61	5.45	5.50	25836066	142637888.00
2012/06/08	5.55	5.56	5.39	5.44	22906803	124870048.00
2012/06/11	5.43	5.51	5.39	5.48	27870385	152128016.00
2012/06/12	5.44	5.49	5.35	5.42	22128095	119677104.00
2012/06/13	5.42	5.58	5.38	5.55	38006929	207790480.00
2012/06/14	5.51	5.66	5.46	5.60	29007900	160593664.00
2012/06/15	5.58	5.65	5.53	5.54	57439841	319891968.00
2012/06/18	5.56	5.60	5.44	5.48	27874583	154299008.00
2012/06/19	5.48	5.48	5.39	5.40	18376764	99629096.00
2012/06/20	5.40	5.43	5.37	5.38	12710508	68517736.00
2012/06/21	5.38	5.38	5.24	5.29	16518474	87478664.00
2012/06/25	5.27	5.34	5.17	5.25	19264922	101502864.00
2012/06/26	5.22	5.23	5.15	5.22	13048908	67794288.00
2012/06/27	5.21	5.31	5.21	5.25	28137616	147982208.00
2012/06/28	5.25	5.34	5.13	5.20	18958889	98832904.00
2012/06/29	5.17	5.25	5.13	5.19	14865800	77260752.00
2012/07/02	5.20	5.22	5.07	5.10	29489995	150963920.00
2012/07/03	5.10	5.15	5.07	5.08	28022477	143226368.00
2012/07/04	5.09	5.12	4.93	5.03	36280949	180804752.00
2012/07/05	4.96	4.99	4.87	4.89	18955936	92881184.00
2012/07/06	4.94	4.94	4.75	4.87	28840410	139194096.00
2012/07/09	4.85	4.85	4.67	4.73	27521612	130866496.00
2012/07/10	4.70	4.77	4.64	4.70	25988946	122534728.00
2012/07/11	4.68	4.72	4.64	4.69	22512948	105378160.00
2012/07/12	4.68	4.75	4.58	4.72	32653219	151999840.00
2012/07/13	4.71	4.72	4.62	4.66	21339098	99663640.00
2012/07/16	4.67	4.67	4.54	4.58	24189927	111093848.00
2012/07/17	4.55	4.60	4.54	4.59	16050115	73241480.00
2012/07/18	4.57	4.63	4.51	4.62	24916741	113436632.00
2012/07/19	4.62	4.85	4.59	4.74	34163600	161523840.00
2012/07/20	4.72	4.85	4.71	4.76	26236653	125327584.00
2012/07/23	4.72	4.73	4.65	4.66	13293114	62202732.00
2012/07/24	4.65	4.98	4.63	4.90	57701131	279810720.00
2012/07/25	4.88	4.92	4.84	4.86	20614089	100404728.00
2012/07/26	4.83	4.98	4.83	4.85	29363597	143573488.00
2012/07/27	4.88	4.92	4.83	4.86	30162492	146976608.00
2012/07/30	4.89	4.93	4.65	4.68	25690096	122509184.00
2012/07/31	4.68	4.70	4.56	4.63	27094115	124976544.00
2012/08/01	4.60	4.70	4.59	4.68	11453886	53512580.00
2012/08/02	4.68	4.68	4.58	4.63	10579423	48883608.00
2012/08/03	4.64	4.76	4.59	4.74	17349903	81637984.00
2012/08/06	4.74	4.85	4.70	4.80	23599189	113375336.00
2012/08/07	4.79	4.84	4.78	4.81	14477712	69667728.00
2012/08/08	4.81	4.87	4.78	4.82	15203751	73286152.00
2012/08/09	4.85	4.88	4.78	4.85	21607026	104458984.00
2012/08/10	4.83	4.86	4.78	4.80	14615227	70494704.00
2012/08/13	4.81	4.96	4.74	4.90	48219956	233433120.00
2012/08/14	4.88	4.91	4.83	4.86	43798943	213785872.00
2012/08/15	4.82	4.86	4.72	4.76	19999770	95374448.00
2012/08/16	4.74	4.84	4.72	4.76	13526539	64776696.00
2012/08/17	4.77	4.82	4.74	4.80	14714229	70376520.00
2012/08/20	4.81	4.91	4.75	4.86	27351867	132081288.00
2012/08/21	4.87	4.93	4.83	4.89	43905800	214616592.00
2012/08/22	4.88	4.94	4.84	4.91	24229625	118426104.00
2012/08/23	4.90	4.95	4.85	4.86	16250956	79512888.00
2012/08/24	4.86	4.94	4.79	4.88	21989406	106730688.00
2012/08/27	4.85	5.24	4.82	4.88	31699725	156014176.00
2012/08/28	4.90	4.97	4.86	4.94	27865432	137159232.00
2012/08/29	4.99	5.04	4.68	4.77	75077624	361971744.00
2012/08/30	4.72	4.83	4.66	4.82	33926537	160360176.00
2012/08/31	4.81	4.95	4.75	4.81	39014266	187741264.00
2012/09/03	4.84	4.84	4.70	4.79	42084581	200398144.00
2012/09/04	4.78	4.82	4.71	4.76	51337827	245165584.00
2012/09/05	4.76	4.76	4.66	4.67	19836791	92998760.00
2012/09/06	4.66	4.70	4.63	4.67	24304446	113331736.00
2012/09/07	4.72	4.91	4.68	4.83	124861193	595078656.00
2012/09/10	4.80	4.87	4.78	4.85	68235516	329697920.00
2012/09/11	5.00	5.15	4.90	4.95	126698882	634636096.00
2012/09/12	4.96	5.04	4.88	5.03	83639083	416027488.00
2012/09/13	5.00	5.34	4.96	5.20	142609289	735621120.00
2012/09/14	5.16	5.25	5.07	5.15	98741338	509647136.00
2012/09/17	5.24	5.35	5.11	5.13	95753069	502170176.00
2012/09/18	5.14	5.17	4.95	4.96	54554256	272709120.00
2012/09/19	4.96	5.00	4.89	4.97	35192495	173934576.00
2012/09/20	4.97	5.14	4.95	5.00	72779319	368941664.00
2012/09/21	4.97	4.97	4.71	4.77	60668152	291057216.00
2012/09/24	4.80	4.86	4.76	4.79	37469628	180284944.00
2012/09/25	4.78	4.81	4.69	4.73	29885326	141730416.00
2012/09/26	4.75	4.79	4.57	4.66	35530181	166062480.00
2012/09/27	4.66	4.78	4.57	4.71	44658623	208590672.00
2012/09/28	4.65	4.78	4.64	4.75	44901892	211746336.00
2012/10/08	4.78	4.83	4.67	4.71	30067815	142494848.00
2012/10/09	4.72	4.85	4.70	4.83	41549721	199462768.00
2012/10/10	4.80	4.84	4.77	4.83	32132530	154413840.00
2012/10/11	4.82	4.82	4.71	4.73	32616923	155130976.00
2012/10/12	4.75	4.78	4.65	4.69	22902541	107743232.00
2012/10/15	4.68	4.69	4.60	4.63	19633748	90859032.00
2012/10/16	4.63	4.71	4.61	4.65	16301165	75936488.00
2012/10/17	4.68	4.72	4.63	4.69	22582806	105715104.00
2012/10/18	4.70	4.76	4.66	4.73	33017948	155956304.00
2012/10/19	4.75	4.77	4.73	4.74	24213321	114839496.00
2012/10/22	4.72	4.76	4.69	4.73	19657239	92730696.00
2012/10/23	4.72	4.74	4.63	4.65	26967180	126106280.00
2012/10/24	4.63	4.68	4.60	4.63	17417071	80869592.00
2012/10/25	4.63	4.68	4.61	4.62	14845880	68874496.00
2012/10/26	4.63	4.65	4.52	4.53	20845818	95236136.00
2012/10/29	4.53	4.55	4.50	4.52	12381484	55933220.00
2012/10/30	4.53	4.54	4.44	4.49	21946656	98392104.00
2012/10/31	4.49	4.52	4.47	4.49	10510444	47256584.00
2012/11/01	4.50	4.59	4.50	4.56	18686217	85051848.00
2012/11/02	4.56	4.59	4.51	4.55	23861413	108402704.00
2012/11/05	4.55	4.57	4.50	4.52	14816652	67131912.00
2012/11/06	4.52	4.54	4.44	4.50	20517549	91732776.00
2012/11/07	4.50	4.50	4.45	4.46	17643427	78812448.00
2012/11/08	4.45	4.45	4.34	4.35	21950226	96571040.00
2012/11/09	4.33	4.40	4.32	4.36	14271804	62302628.00
2012/11/12	4.36	4.39	4.34	4.38	15006746	65526832.00
2012/11/13	4.38	4.39	4.27	4.29	18353064	78933000.00
2012/11/14	4.29	4.31	4.10	4.26	23411491	99093520.00
2012/11/15	4.24	4.31	4.17	4.24	17869716	75494328.00
2012/11/16	4.23	4.28	4.12	4.27	18868004	79235832.00
2012/11/19	4.26	4.27	4.17	4.25	12057745	50775932.00
2012/11/20	4.25	4.28	4.16	4.21	9374399	39405804.00
2012/11/21	4.20	4.22	3.91	4.21	35132270	145081968.00
2012/11/22	4.17	4.20	4.11	4.15	15805748	65583876.00
2012/11/23	4.15	4.21	4.11	4.17	21676428	90302696.00
2012/11/26	4.19	4.21	4.02	4.13	23420910	97378112.00
2012/11/27	4.08	4.11	4.01	4.06	18869213	76358360.00
2012/11/28	4.04	4.04	3.95	3.98	13687173	54541980.00
2012/11/29	3.96	4.04	3.96	4.01	15783416	63169096.00
2012/11/30	4.00	4.04	3.98	4.03	15505648	62182624.00
2012/12/03	4.02	4.04	3.93	3.93	12412555	49551076.00
2012/12/04	3.93	4.18	3.92	4.00	31676623	127281088.00
2012/12/05	3.97	4.18	3.95	4.14	50327169	206325488.00
2012/12/06	4.12	4.12	4.03	4.07	64612784	262968160.00
2012/12/07	4.08	4.21	4.06	4.19	83757101	346963360.00
2012/12/10	4.24	4.28	4.17	4.25	58747091	249127056.00
2012/12/11	4.23	4.30	4.20	4.25	42759403	181718976.00
2012/12/12	4.22	4.23	4.10	4.15	61429388	254371968.00
2012/12/13	4.12	4.15	4.10	4.14	21203523	87670704.00
2012/12/14	4.15	4.37	4.12	4.34	81544887	349047264.00
2012/12/17	4.38	4.42	4.32	4.35	40789617	178221728.00
2012/12/18	4.35	4.52	4.31	4.43	67469704	297837984.00
2012/12/19	4.45	4.54	4.41	4.49	41566423	186270800.00
2012/12/20	4.45	4.53	4.38	4.43	51817925	230346640.00
2012/12/21	4.42	4.49	4.36	4.38	33379541	147403952.00
2012/12/24	4.38	4.43	4.34	4.37	21153503	92541736.00
2012/12/25	4.38	4.62	4.35	4.56	68512274	308493824.00
2012/12/26	4.56	4.60	4.52	4.57	42960215	195978496.00
2012/12/27	4.60	4.66	4.55	4.55	46019362	212143072.00
2012/12/28	4.59	4.62	4.55	4.61	39997044	183700048.00
2012/12/31	4.62	4.85	4.60	4.77	69660187	331288480.00
2013/01/04	4.78	4.83	4.69	4.74	36198460	171933360.00
2013/01/07	4.73	4.81	4.71	4.72	29372388	139805856.00
2013/01/08	4.73	4.83	4.67	4.71	39283289	186374384.00
2013/01/09	4.71	4.76	4.62	4.69	62657732	293638368.00
2013/01/10	4.70	4.75	4.65	4.70	48792240	229194256.00
2013/01/11	4.72	4.84	4.68	4.72	111412829	531133728.00
2013/01/14	4.74	5.00	4.67	4.99	130517368	638855680.00
2013/01/15	5.00	5.14	4.92	4.95	124049289	622425728.00
2013/01/16	4.94	5.25	4.90	5.24	121907216	616567552.00
2013/01/17	5.18	5.20	4.97	5.00	92395829	467673088.00
2013/01/18	5.02	5.09	4.96	5.03	50270486	252324560.00
2013/01/21	5.05	5.06	4.95	4.99	57705447	287614688.00
2013/01/22	4.98	4.98	4.78	4.81	83123013	403869440.00
2013/01/23	4.86	4.99	4.85	4.94	66425582	327201312.00
2013/01/24	4.97	5.07	4.87	4.94	86791306	431839328.00
2013/01/25	4.96	4.98	4.84	4.89	36513513	178753856.00
2013/01/28	4.89	5.01	4.89	4.97	56985148	282422592.00
2013/01/29	4.97	5.11	4.91	5.02	74438362	373320896.00
2013/01/30	5.01	5.05	4.94	4.98	48297344	240304944.00
2013/01/31	4.98	5.01	4.92	4.94	29681223	146940208.00
2013/02/01	4.93	4.99	4.87	4.94	40595855	200319296.00
2013/02/04	4.95	4.98	4.91	4.91	50891559	251186896.00
2013/02/05	4.90	5.18	4.85	5.05	87399101	436416896.00
2013/02/06	5.06	5.08	5.00	5.07	43006284	216957920.00
2013/02/07	5.04	5.27	5.03	5.24	92655629	479218016.00
2013/02/08	5.26	5.42	5.22	5.29	76769176	408862272.00
2013/02/18	5.38	5.55	5.30	5.39	71916484	389029664.00
2013/02/19	5.40	5.40	5.22	5.23	42742663	226119776.00
2013/02/20	5.24	5.28	5.16	5.27	38710060	202113616.00
2013/02/21	5.21	5.28	5.06	5.10	50703120	261618912.00
2013/02/22	5.13	5.38	5.11	5.17	83746870	440947584.00
2013/02/25	5.21	5.36	5.19	5.29	51600729	271565088.00
2013/02/26	5.29	5.36	5.20	5.24	57647311	303791136.00
2013/02/27	5.27	5.34	5.24	5.30	50019567	265115184.00
2013/02/28	5.30	5.45	5.29	5.42	59221422	319003040.00
2013/03/01	5.43	5.53	5.38	5.48	66745397	364994272.00
2013/03/04	5.50	5.60	5.33	5.43	96747732	528608864.00
2013/03/05	5.46	5.48	5.25	5.43	55951464	299811264.00
2013/03/06	5.45	5.63	5.45	5.59	100870038	560586624.00
2013/03/07	5.58	5.60	5.40	5.48	60461913	333631360.00
2013/03/08	5.47	5.57	5.46	5.47	41010984	226338336.00
2013/03/11	5.47	5.52	5.35	5.38	44177850	239546816.00
2013/03/12	5.39	5.40	5.12	5.18	63498794	333942208.00
2013/03/13	5.18	5.18	4.98	5.08	48991802	248012352.00
2013/03/14	5.00	5.14	5.00	5.07	35243873	179365088.00
2013/03/15	5.08	5.20	5.02	5.13	68919673	352370912.00
2013/03/18	5.10	5.14	4.96	4.97	40351606	202546000.00
2013/03/19	4.97	5.01	4.81	4.89	41939553	205864192.00
2013/03/20	4.90	5.04	4.85	5.03	47201766	234732176.00
2013/03/21	5.04	5.19	5.04	5.12	45321717	232379584.00
2013/03/22	5.13	5.23	5.08	5.20	39976708	205486208.00
2013/03/25	5.22	5.26	5.14	5.21	36276012	188404864.00
2013/03/26	5.16	5.22	5.05	5.17	40525765	208473328.00
2013/03/27	5.17	5.22	5.09	5.12	24950056	128918488.00
2013/03/28	5.08	5.08	4.90	4.94	44557831	221734832.00
2013/03/29	4.94	4.99	4.89	4.91	19429721	95964736.00
2013/04/01	4.89	5.03	4.89	4.99	34378712	171395872.00
2013/04/02	4.99	5.03	4.89	4.97	25624272	127321840.00
2013/04/03	5.00	5.07	4.96	4.98	19347894	96838152.00
2013/04/08	4.95	4.95	4.68	4.80	48034521	230409248.00
2013/04/09	4.81	4.84	4.76	4.80	34703473	166382768.00
2013/04/10	4.81	4.83	4.69	4.76	33952538	161156976.00
2013/04/11	4.79	4.81	4.69	4.71	22383746	106133096.00
2013/04/12	4.71	4.75	4.63	4.64	22812437	107068512.00
2013/04/15	4.60	4.63	4.38	4.40	51674454	230942288.00
2013/04/16	4.39	4.48	4.36	4.46	25650020	113422256.00
2013/04/17	4.49	4.49	4.40	4.43	15779137	69988344.00
2013/04/18	4.41	4.51	4.39	4.46	21717033	96993632.00
2013/04/19	4.46	4.59	4.46	4.56	30969247	140829344.00
2013/04/22	4.56	4.61	4.52	4.59	21589354	98509784.00
2013/04/23	4.59	4.59	4.35	4.38	38353440	169366880.00
2013/04/24	4.39	4.49	4.37	4.42	31194648	137813424.00
2013/04/25	4.42	4.48	4.38	4.40	26660859	117752464.00
2013/04/26	4.39	4.41	4.14	4.19	57783237	244530800.00
2013/05/02	4.19	4.20	3.98	4.08	78218839	316048480.00
2013/05/03	4.09	4.17	4.08	4.13	37806394	156392816.00
2013/05/06	4.15	4.20	4.13	4.18	30893307	128723808.00
2013/05/07	4.19	4.30	4.17	4.29	38624647	164487568.00
2013/05/08	4.30	4.45	4.29	4.34	53552499	234384800.00
2013/05/09	4.38	4.38	4.26	4.30	33089451	142073776.00
2013/05/10	4.29	4.36	4.24	4.35	26295918	113675128.00
2013/05/13	4.35	4.47	4.35	4.43	38281595	169338576.00
2013/05/14	4.43	4.46	4.27	4.30	31550067	136663856.00
2013/05/15	4.30	4.42	4.30	4.39	31549884	138415904.00
2013/05/16	4.40	4.54	4.34	4.52	59982923	268729888.00
2013/09/11	4.91	4.91	4.91	4.91	4360511	21410110.00
2013/09/12	5.40	5.40	5.40	5.40	2705165	14607891.00
2013/09/13	5.94	5.94	5.94	5.94	10125211	60143752.00
2013/09/16	6.53	6.53	6.25	6.53	1003247623	6506019328.00
2013/09/17	6.35	6.96	6.31	6.52	647249198	4292759552.00
2013/09/18	6.45	6.61	6.34	6.49	314446380	2037383424.00
2013/09/23	6.54	6.55	6.15	6.35	372672508	2354778112.00
2013/09/24	6.36	6.68	6.26	6.59	429899775	2782355200.00
2013/09/25	6.53	6.61	6.37	6.42	296328411	1924726400.00
2013/09/26	6.39	6.62	6.25	6.26	294000198	1887530624.00
2013/09/27	6.26	6.27	5.87	5.91	287008492	1734468864.00
2013/09/30	5.95	6.11	5.93	6.10	150940667	909584064.00
2013/10/08	6.16	6.49	6.13	6.41	268719967	1700454016.00
2013/10/09	6.38	6.47	6.29	6.42	173714644	1107399424.00
2013/10/10	6.61	6.66	6.28	6.30	290584849	1878567040.00
2013/10/11	6.35	6.47	6.30	6.38	151633215	966794368.00
2013/10/14	6.39	6.44	6.32	6.38	165622420	1054843264.00
2013/10/15	6.36	6.36	6.14	6.27	161171629	1003015744.00
2013/10/16	6.22	6.24	6.07	6.09	121586949	745953600.00
2013/10/17	6.12	6.14	5.93	5.95	137960020	832866432.00
2013/10/18	5.98	6.22	5.98	6.18	135085984	828717248.00
2013/10/21	6.18	6.28	6.07	6.22	123236781	762853888.00
2013/10/22	6.18	6.19	6.03	6.06	117442254	716158464.00
2013/10/23	6.05	6.10	5.90	5.94	90286248	541090176.00
2013/10/24	6.01	6.11	5.94	5.97	88335720	531804288.00
2013/10/25	5.97	6.02	5.69	5.74	128437404	750438336.00
2013/10/28	5.76	5.80	5.71	5.76	55278003	318176352.00
2013/10/29	5.79	5.87	5.42	5.62	143044509	805017280.00
2013/10/30	5.56	5.78	5.51	5.76	100829363	569205504.00
2013/10/31	5.70	5.76	5.62	5.66	64027543	363307712.00
2013/11/01	5.69	5.73	5.57	5.65	59168211	333810880.00
2013/11/04	5.67	5.70	5.58	5.61	51051346	287885536.00
2013/11/05	5.55	5.64	5.42	5.62	82578102	456860128.00
2013/11/06	5.57	5.64	5.51	5.53	62762320	350332544.00
2013/11/07	5.51	5.64	5.46	5.54	56705655	315499264.00
2013/11/08	5.52	5.57	5.46	5.48	45121177	248376608.00
2013/11/11	5.46	5.51	5.42	5.47	39205717	214298992.00
2013/11/12	5.49	5.59	5.48	5.59	57257654	317776224.00
2013/11/13	5.76	5.85	5.61	5.63	116897030	666877312.00
2013/11/14	5.56	5.96	5.48	5.92	217876524	1261872640.00
2013/11/15	5.87	6.07	5.84	5.97	195531551	1170215296.00
2013/11/18	6.02	6.24	5.99	6.18	227623853	1397639424.00
2013/11/19	6.17	6.17	6.04	6.07	132441622	805937088.00
2013/11/20	6.09	6.25	5.98	6.15	267443237	1636961792.00
2013/11/21	6.08	6.11	5.96	6.03	148443219	894025472.00
2013/11/22	6.03	6.09	5.97	6.03	86693441	522356288.00
2013/11/25	6.09	6.19	6.03	6.05	173336811	1058840960.00
2013/11/26	6.02	6.08	5.92	6.01	109258237	654746112.00
2013/11/27	6.03	6.20	6.02	6.16	201695428	1234356736.00
2013/11/28	6.17	6.19	6.08	6.08	133026891	815934976.00
2013/11/29	6.08	6.32	6.06	6.22	233718712	1454455552.00
2013/12/02	6.09	6.18	5.83	5.95	199360414	1202675968.00
2013/12/03	5.92	6.10	5.89	6.06	103831835	627027712.00
2013/12/04	6.07	6.17	6.01	6.09	110148652	673349632.00
2013/12/05	6.09	6.22	6.06	6.19	129953381	797429632.00
2013/12/06	6.17	6.32	6.15	6.23	151269857	946386432.00
2013/12/09	6.24	6.27	6.16	6.22	85446967	530152768.00
2013/12/10	6.21	6.22	6.06	6.10	92468702	566106752.00
2013/12/11	6.06	6.06	5.95	5.99	78032142	468501920.00
2013/12/12	5.97	6.01	5.93	5.97	54116494	323200640.00
2013/12/13	5.92	6.01	5.89	5.94	47396551	281602144.00
2013/12/16	5.92	5.95	5.73	5.75	82997891	482519360.00
2013/12/17	5.76	5.83	5.72	5.79	65476179	378554304.00
2013/12/18	5.77	5.80	5.73	5.77	40972487	235952112.00
2013/12/19	5.79	5.82	5.55	5.59	91999175	519502560.00
2013/12/20	5.59	5.60	5.43	5.44	90076015	495197824.00
2013/12/23	5.49	5.60	5.45	5.55	74617978	412896160.00
2013/12/24	5.56	5.64	5.46	5.50	55926218	310980960.00
2013/12/25	5.49	5.57	5.46	5.54	34495298	190494400.00
2013/12/26	5.54	5.56	5.43	5.46	45745407	250722032.00
2013/12/27	5.53	5.73	5.48	5.68	125290024	705343424.00
2013/12/30	5.66	5.68	5.58	5.58	63425031	356584960.00
2013/12/31	5.55	5.66	5.53	5.61	47610909	267391008.00
2014/01/02	5.60	5.67	5.58	5.63	41803288	235859856.00
2014/01/03	5.60	5.61	5.46	5.53	57247330	316261024.00
2014/01/06	5.51	5.51	5.13	5.21	109479341	574846272.00
2014/01/07	5.17	5.25	5.11	5.16	51478179	266656176.00
2014/01/08	5.17	5.24	5.10	5.15	56724075	292766752.00
2014/01/09	5.18	5.23	5.11	5.14	39267026	203234864.00
2014/01/10	5.10	5.14	4.91	4.96	82158422	410211968.00
2014/01/13	5.02	5.14	4.99	5.02	60736634	306493504.00
2014/01/14	5.02	5.04	4.82	4.99	71595238	352477472.00
2014/01/15	4.97	5.00	4.85	4.90	70850208	349430848.00
2014/01/16	4.86	4.93	4.81	4.90	64589273	314620448.00
2014/01/17	4.87	4.87	4.73	4.74	86072939	411352224.00
2014/01/20	4.85	4.89	4.78	4.83	71406045	345389824.00
2014/01/21	4.87	4.88	4.79	4.86	47811860	231425136.00
2014/01/22	4.85	5.35	4.83	5.22	195719064	1016114944.00
2014/01/23	5.16	5.25	5.08	5.17	112844379	581613952.00
2014/01/24	5.16	5.31	5.14	5.23	99058698	517771584.00
2014/01/27	5.19	5.36	5.17	5.26	102561177	542940928.00
2014/01/28	5.25	5.29	5.17	5.20	64176480	333969088.00
2014/01/29	5.20	5.24	5.18	5.21	37369642	194683024.00
2014/01/30	5.18	5.29	5.14	5.19	54355356	283284192.00
2014/02/07	5.16	5.43	5.12	5.40	109336310	584678656.00
2014/02/10	5.45	5.77	5.42	5.63	166226385	938076160.00
2014/02/11	5.65	5.76	5.59	5.64	138646897	785229952.00
2014/02/12	5.67	5.68	5.54	5.60	86118742	480919840.00
2014/02/13	5.56	5.57	5.39	5.44	155365588	846688960.00
2014/02/14	5.41	5.49	5.39	5.44	92498694	502465600.00
2014/02/17	5.47	5.68	5.47	5.63	169048414	946737728.00
2014/02/18	5.67	5.69	5.53	5.59	103053278	575282496.00
2014/02/19	5.57	5.61	5.48	5.60	86739297	480796096.00
2014/02/20	5.57	5.62	5.40	5.43	88483230	485885120.00
2014/02/21	5.42	5.49	5.31	5.35	82129541	441160672.00
2014/02/24	5.31	5.31	5.14	5.19	79913804	415705952.00
2014/02/25	5.19	5.24	4.98	5.02	97587536	499427744.00
2014/02/26	4.98	5.07	4.95	5.06	58574994	292821696.00
2014/02/27	5.08	5.30	5.03	5.20	105641013	547310464.00
2014/02/28	5.17	5.24	5.07	5.20	64460318	333731296.00
2014/03/03	5.26	5.36	5.24	5.29	88666007	470156640.00
2014/03/04	5.29	5.36	5.22	5.29	76863133	406804576.00
2014/03/05	5.32	5.34	5.18	5.19	64668949	339200256.00
2014/03/06	5.20	5.20	5.05	5.11	71954231	367479552.00
2014/03/07	5.13	5.16	5.08	5.12	59739695	305552448.00
2014/03/10	5.05	5.05	4.85	4.87	103319463	510284608.00
2014/03/11	4.87	4.92	4.80	4.84	58562041	284336640.00
2014/03/12	4.84	4.87	4.72	4.80	62657880	300300992.00
2014/03/13	4.81	4.86	4.77	4.83	59639667	287536256.00
2014/03/14	4.78	4.84	4.73	4.78	54382035	260109168.00
2014/03/17	4.83	4.87	4.79	4.87	61212221	296191744.00
2014/03/18	4.86	4.90	4.81	4.83	64378323	312275616.00
2014/03/19	4.80	4.81	4.68	4.73	91994792	433816224.00
2014/03/20	4.71	4.73	4.58	4.59	83682509	389754624.00
2014/03/21	4.56	4.73	4.49	4.71	116133539	534399872.00
2014/03/24	4.71	4.76	4.65	4.75	86171397	405729664.00
2014/03/25	4.72	4.85	4.71	4.79	84106976	402693184.00
2014/03/26	4.81	4.82	4.73	4.74	51045298	243143952.00
2014/03/27	4.76	4.77	4.63	4.67	59655421	280239648.00
2014/03/28	4.67	4.70	4.58	4.60	56846600	263676048.00
2014/03/31	4.62	4.72	4.56	4.68	58750068	273346368.00
2014/04/01	4.67	4.72	4.62	4.69	53573170	250151616.00
2014/04/02	4.69	4.72	4.66	4.70	38557502	180685616.00
2014/04/03	4.72	4.74	4.65	4.66	38961361	182691648.00
2014/04/04	4.66	4.71	4.62	4.70	44907635	210160272.00
2014/04/08	4.73	4.86	4.70	4.85	116916122	563324608.00
2014/04/09	4.87	4.89	4.82	4.84	58749613	284681952.00
2014/04/10	4.84	4.95	4.79	4.90	86316244	419464640.00
2014/04/11	4.90	4.98	4.87	4.93	89266387	440397152.00
2014/04/14	4.92	4.97	4.87	4.90	50057241	245587344.00
2014/04/15	4.92	4.94	4.79	4.80	67767511	328175328.00
2014/04/16	4.78	4.82	4.73	4.77	68040092	324464544.00
2014/04/17	4.78	4.82	4.72	4.74	52142113	248121600.00
2014/04/18	4.71	4.75	4.69	4.74	45573077	214922128.00
2014/04/21	4.70	4.74	4.64	4.65	47575575	223101904.00
2014/04/22	4.65	4.70	4.59	4.70	45386721	210739488.00
2014/04/23	4.69	4.80	4.63	4.79	79905754	377028704.00
2014/04/24	4.75	4.77	4.68	4.68	57701777	273070752.00
2014/04/25	4.66	4.66	4.55	4.58	59867300	276201984.00
2014/04/28	4.58	4.61	4.50	4.51	51636323	234369664.00
2014/04/29	4.46	4.49	4.38	4.47	79121773	351175776.00
2014/04/30	4.46	4.46	4.41	4.46	36010017	159863408.00
2014/05/05	4.45	4.48	4.40	4.47	30874659	137174496.00
2014/05/06	4.46	4.57	4.45	4.52	49577762	224156320.00
2014/05/07	4.50	4.56	4.47	4.49	39808267	179364624.00
2014/05/08	4.50	4.55	4.48	4.49	35543997	160512496.00
2014/05/09	4.50	4.53	4.47	4.51	34060786	153411104.00
2014/05/12	4.55	4.63	4.51	4.60	71272273	325945216.00
2014/05/13	4.59	4.60	4.56	4.58	48986088	224279936.00
2014/05/14	4.57	4.58	4.52	4.54	41560474	188769872.00
2014/05/15	4.54	4.66	4.51	4.55	91963100	422763488.00
2014/05/16	4.55	4.55	4.47	4.53	46963110	211815456.00
2014/05/19	4.58	4.62	4.48	4.50	55858250	253149168.00
2014/05/20	4.53	4.64	4.50	4.55	72851826	333325792.00
2014/05/21	4.54	4.56	4.46	4.55	45083249	203394800.00
2014/05/22	4.54	4.58	4.48	4.49	58592703	265502368.00
2014/05/23	4.47	4.51	4.47	4.50	34431702	154609792.00
2014/05/26	4.52	4.54	4.49	4.51	36714907	165505568.00
2014/05/27	4.51	4.51	4.47	4.49	37687429	168980080.00
2014/05/28	4.49	4.51	4.45	4.51	54964548	246542368.00
2014/05/29	4.50	4.51	4.44	4.45	52129079	232939936.00
2014/05/30	4.46	4.47	4.41	4.44	57609639	255675040.00
2014/06/03	4.45	4.47	4.42	4.43	38372856	170535440.00
2014/06/04	4.43	4.43	4.38	4.40	44147696	194161328.00
2014/06/05	4.39	4.44	4.37	4.44	33504466	147501184.00
2014/06/06	4.43	4.44	4.37	4.39	34259841	150560208.00
2014/06/09	4.38	4.42	4.36	4.38	34080345	149413168.00
2014/06/10	4.39	4.44	4.37	4.43	46606299	205528640.00
2014/06/11	4.41	4.43	4.38	4.41	36492063	160800160.00
2014/06/12	4.41	4.54	4.38	4.53	125392737	563496704.00
2014/06/13	4.50	4.57	4.48	4.53	77715326	351585888.00
2014/06/16	4.52	4.63	4.51	4.61	102149411	468080672.00
2014/06/17	4.59	4.60	4.52	4.53	56492539	256966320.00
2014/06/18	4.52	4.55	4.48	4.50	39145543	176684432.00
2014/06/19	4.50	4.51	4.37	4.39	56670114	250966304.00
2014/06/20	4.39	4.42	4.38	4.41	32363817	142496512.00
2014/06/23	4.41	4.45	4.40	4.43	29490396	130475384.00
2014/06/24	4.42	4.46	4.40	4.44	32977883	146362096.00
2014/06/25	4.44	4.44	4.40	4.42	23416834	103523584.00
2014/06/26	4.42	4.56	4.42	4.51	61066587	273552672.00
2014/06/27	4.50	4.96	4.47	4.80	278333711	1324446208.00
2014/06/30	4.77	4.92	4.72	4.82	217795114	1053359424.00
2014/07/01	4.85	4.85	4.70	4.75	117008779	555507264.00
2014/07/02	4.77	4.96	4.73	4.90	214998272	1048730112.00
2014/07/03	4.86	4.92	4.83	4.86	100696340	490536864.00
2014/07/04	4.84	4.88	4.75	4.78	68021413	326373056.00
2014/07/07	4.78	4.92	4.77	4.86	93503963	453864448.00
2014/07/08	4.84	4.88	4.78	4.82	65213908	313849824.00
2014/07/09	4.81	5.03	4.78	4.87	202511900	995734592.00
2014/07/10	4.86	4.92	4.81	4.84	93039371	451690976.00
2014/07/11	4.83	4.96	4.81	4.92	130810066	642701120.00
2014/07/14	4.93	5.01	4.90	4.95	94859011	468980000.00
2014/07/15	4.92	4.99	4.90	4.96	88879866	439826208.00
2014/07/16	4.93	4.95	4.75	4.77	135330388	652303040.00
2014/07/17	4.77	4.79	4.63	4.65	88584709	416023104.00
2014/07/18	4.66	4.70	4.63	4.65	57172640	266781552.00
2014/07/21	4.65	4.76	4.64	4.71	68185657	320273408.00
2014/07/22	4.69	4.76	4.67	4.74	72278411	340907776.00
2014/07/23	4.73	4.80	4.70	4.79	74720922	354584160.00
2014/07/24	4.75	4.81	4.73	4.78	70752888	337490720.00
2014/07/25	4.80	4.85	4.79	4.83	58228827	280828544.00
2014/07/28	4.87	4.99	4.86	4.96	149859932	739025728.00
2014/07/29	4.96	5.02	4.94	4.96	129215369	643273472.00
2014/07/30	4.93	5.16	4.93	5.08	199767232	1012614784.00
2014/07/31	5.05	5.12	5.01	5.09	84757428	429103104.00
2014/08/01	5.07	5.16	4.95	4.95	126983135	642160128.00
2014/08/04	4.95	5.07	4.95	5.06	86745168	435762336.00
2014/08/05	5.05	5.08	4.97	5.01	86594253	433893312.00
2014/08/06	4.98	5.07	4.97	5.05	95816456	481887008.00
2014/08/07	5.04	5.12	5.01	5.02	118239896	599570240.00
2014/08/08	5.01	5.03	4.95	4.99	85917916	428485664.00
2014/08/11	5.00	5.07	4.99	5.05	81655112	411173888.00
2014/08/12	5.04	5.06	5.00	5.02	66151169	331827136.00
2014/08/13	5.01	5.02	4.95	4.99	69404093	345666656.00
2014/08/14	4.99	5.16	4.94	5.04	167508236	848961024.00
2014/08/15	5.00	5.09	4.98	5.06	89550306	451154464.00
2014/08/18	5.08	5.13	5.07	5.09	106363739	541883456.00
2014/08/19	5.09	5.10	5.05	5.09	82678220	419509024.00
2014/08/20	5.09	5.12	5.05	5.09	104968857	534584704.00
2014/08/21	5.10	5.10	5.00	5.05	95679785	483395456.00
2014/08/22	5.04	5.10	5.01	5.09	87632482	444055584.00
2014/08/25	5.09	5.10	4.99	5.00	85296859	428847360.00
2014/08/26	4.98	5.02	4.89	4.91	77366802	383349696.00
2014/08/27	4.90	5.03	4.90	4.99	73239757	364855232.00
2014/08/28	5.00	5.03	4.86	4.87	75909312	373410944.00
2014/08/29	4.90	5.07	4.88	5.06	144447018	720722560.00
2014/09/01	5.07	5.19	5.06	5.16	188645229	966891264.00
2014/09/02	5.15	5.29	5.13	5.25	233264365	1216072960.00
2014/09/03	5.25	5.36	5.21	5.35	264899813	1401319296.00
2014/09/04	5.36	5.47	5.33	5.39	264305039	1428152448.00
2014/09/05	5.38	5.89	5.33	5.82	476789604	2665943552.00
2014/09/09	5.73	5.96	5.68	5.79	368565182	2146873600.00
2014/09/10	5.74	5.85	5.66	5.74	198178923	1141960320.00
2014/09/11	5.71	5.83	5.67	5.74	184757131	1062304768.00
2014/09/12	5.75	6.18	5.72	6.03	397444246	2375602432.00
2014/09/15	6.15	6.21	5.99	6.06	338445437	2060532736.00
2014/09/16	6.07	6.09	5.68	5.74	355639647	2094667904.00
2014/09/17	5.75	5.83	5.62	5.75	180601935	1031959360.00
2014/09/18	5.70	5.73	5.64	5.71	107732986	612544192.00
2014/09/19	5.70	6.01	5.67	5.95	262599568	1543995392.00
2014/09/22	5.90	5.95	5.71	5.80	153936805	894945024.00
2014/09/23	5.81	6.00	5.77	5.91	230588831	1367152256.00
2014/09/24	5.86	6.18	5.84	6.09	324475079	1967562240.00
2014/09/25	6.12	6.26	5.99	6.05	335987246	2056329216.00
2014/09/26	6.01	6.10	5.90	6.01	177222385	1059772928.00
2014/09/29	6.41	6.61	6.40	6.61	709324685	4645278208.00
2014/09/30	6.54	6.62	6.48	6.56	363907441	2380284416.00
2014/10/08	6.55	6.75	6.51	6.68	375038258	2498864128.00
2014/10/09	6.65	6.84	6.47	6.73	417308946	2770805760.00
2014/10/10	6.65	6.85	6.54	6.58	327770692	2180341760.00
2014/10/13	6.51	6.65	6.42	6.61	261505456	1708464640.00
2014/10/14	6.87	7.10	6.68	6.76	499382771	3446735616.00
2014/10/15	6.69	6.77	6.55	6.66	256327467	1703138432.00
2014/10/16	6.58	6.70	6.41	6.43	248900587	1638678272.00
2014/10/17	6.42	6.49	6.29	6.40	230845054	1474334720.00
2014/10/20	6.43	6.53	6.37	6.45	168343422	1085384704.00
2014/10/21	6.50	6.66	6.45	6.46	224186975	1467363200.00
2014/10/22	6.49	6.64	6.46	6.53	251137805	1643668480.00
2014/10/23	6.52	6.52	6.35	6.39	179853136	1154887552.00
2014/10/24	6.38	6.42	6.19	6.21	187864901	1180539648.00
2014/10/27	6.15	6.15	5.98	6.07	206551670	1251842944.00
2014/10/28	6.07	6.40	6.07	6.35	285422397	1783630976.00
2014/10/29	6.36	6.43	6.26	6.38	260296305	1651950464.00
2014/10/30	6.36	6.40	6.28	6.32	198610291	1255922688.00
2014/10/31	6.25	6.33	6.15	6.24	230034098	1431080448.00
2014/11/03	6.38	6.44	6.22	6.29	238758199	1509347200.00
2014/11/04	6.22	6.40	6.21	6.36	273397456	1734763392.00
2014/11/05	6.37	6.39	6.25	6.28	170010971	1069712448.00
2014/11/06	6.28	6.29	6.12	6.20	213881098	1320192128.00
2014/11/07	6.18	6.26	6.11	6.13	218917638	1353709568.00
2014/11/10	6.12	6.24	6.05	6.23	237485455	1456468224.00
2014/11/11	6.21	6.22	5.98	6.06	249679288	1518609536.00
2014/11/12	6.04	6.08	5.98	6.07	140092520	845008128.00
2014/11/13	6.08	6.10	5.91	5.95	172538222	1030867136.00
2014/11/14	5.92	6.09	5.82	6.04	215901696	1294411520.00
2014/11/17	6.05	6.07	5.95	6.00	119454437	718956800.00
2014/11/18	5.99	6.04	5.89	5.91	135618164	807379072.00
2014/11/19	5.88	5.91	5.81	5.84	133941683	783042752.00
2014/11/20	5.81	5.82	5.71	5.73	170499174	980760128.00
2014/11/21	5.70	5.81	5.70	5.81	138353255	798180608.00
2014/11/24	5.86	6.10	5.85	6.05	324875506	1951521536.00
2014/11/25	6.04	6.13	6.01	6.06	194625048	1179348608.00
2014/11/26	6.07	6.12	6.01	6.09	209058126	1268398208.00
2014/11/27	6.12	6.57	6.08	6.39	513220098	3251245056.00
2014/11/28	6.33	6.39	6.18	6.32	304629252	1908403584.00
2014/12/01	6.30	6.45	6.15	6.28	368916916	2316027904.00
2014/12/02	6.23	6.39	6.22	6.33	286219139	1807759488.00
2014/12/03	6.33	6.53	6.27	6.47	480198047	3081961472.00
2014/12/04	6.50	6.57	6.40	6.53	464176102	3013339392.00
2014/12/05	6.88	7.18	6.71	7.18	1152389833	8170851840.00
2014/12/08	7.90	7.90	7.73	7.90	381950283	3013952000.00
2014/12/09	8.50	8.69	7.54	7.69	1809721740	15219485696.00
2014/12/10	7.80	8.46	7.44	8.46	1280909887	10307411968.00
2014/12/11	8.41	8.80	8.11	8.39	1069482070	9049713664.00
2014/12/12	8.29	8.38	8.12	8.25	501243509	4122917888.00
2014/12/15	7.90	8.41	7.73	8.34	643468651	5274868736.00
2014/12/16	8.35	9.15	8.34	8.65	822355572	7202220544.00
2014/12/17	8.50	8.86	8.30	8.54	640103627	5478267904.00
2014/12/18	8.58	9.39	8.57	9.29	1201285106	10975222784.00
2014/12/19	9.15	10.10	8.86	9.83	1188021545	11103962112.00
2014/12/22	9.80	10.35	9.15	9.31	885828398	8607774720.00
2014/12/23	9.20	9.20	8.55	8.59	578267873	5116082688.00
2014/12/24	8.56	8.98	8.21	8.74	638956024	5490954752.00
2014/12/25	8.72	9.24	8.65	9.13	576343560	5192169984.00
2014/12/26	9.09	9.46	8.89	9.20	707014130	6486149120.00
2014/12/29	9.10	9.33	9.02	9.16	662307842	6085484032.00
2014/12/30	9.20	9.34	8.86	8.91	535900436	4867376128.00
2014/12/31	8.98	9.41	8.96	9.21	765164283	7097437696.00
2015/01/05	9.21	9.60	8.97	9.42	837202913	7763209216.00
2015/01/06	9.30	9.91	9.15	9.65	868557636	8301881344.00
2015/01/07	9.59	9.76	9.43	9.57	457456599	4384388096.00
2015/01/08	9.46	9.70	9.13	9.15	456533433	4266018816.00
2015/01/09	9.00	9.34	8.85	8.86	509497900	4645548032.00
2015/01/12	8.82	8.85	8.43	8.49	388985783	3348917760.00
2015/01/13	8.49	8.94	8.48	8.67	330923875	2890608128.00
2015/01/14	8.66	8.88	8.60	8.76	274228115	2401398528.00
2015/01/15	8.79	8.88	8.65	8.86	396038839	3476935168.00
2015/01/16	8.93	9.11	8.77	9.09	618773929	5545454080.00
2015/01/19	8.46	8.87	8.18	8.18	611826784	5198795776.00
2015/01/20	8.18	8.35	8.05	8.12	480047553	3939458560.00
2015/01/21	8.15	8.55	8.10	8.53	522881252	4354113024.00
2015/01/22	8.48	9.38	8.30	9.12	901299985	7971237888.00
2015/01/23	9.00	9.23	8.76	8.86	751636144	6737682944.00
2015/01/26	9.01	9.30	8.88	9.21	738995930	6748865024.00
2015/01/27	9.28	9.65	9.11	9.45	959593803	9019602944.00
2015/01/28	9.45	9.57	9.10	9.17	670841839	6262263808.00
2015/01/29	9.00	9.15	8.91	8.95	344532543	3100862208.00
2015/01/30	9.05	9.09	8.60	8.67	436976116	3841726720.00
2015/02/02	8.90	8.97	8.53	8.64	406399233	3535788544.00
2015/02/03	8.72	8.75	8.46	8.65	373774656	3205787904.00
2015/02/04	8.69	8.93	8.63	8.68	431586958	3783452416.00
2015/02/05	8.77	8.79	8.41	8.43	455306664	3900227584.00
2015/02/06	8.30	8.39	8.09	8.14	320519804	2629810944.00
2015/02/09	8.15	8.32	8.11	8.19	211354461	1736997376.00
2015/02/10	8.20	8.33	8.17	8.32	187010614	1544446592.00
2015/02/11	8.37	8.45	8.30	8.35	181474225	1513279616.00
2015/02/12	8.34	8.37	8.18	8.28	176053859	1453181952.00
2015/02/13	8.35	8.74	8.30	8.61	516274215	4421420032.00
2015/02/16	8.65	8.90	8.51	8.79	394050827	3438610176.00
2015/02/17	8.80	8.91	8.70	8.73	292251730	2565250816.00
2015/02/25	8.78	8.87	8.62	8.65	292644955	2558135296.00
2015/02/26	8.66	8.98	8.52	8.96	565689487	4983830016.00
2015/02/27	8.98	9.38	8.91	8.96	679534280	6201099264.00
2015/03/02	8.99	9.00	8.82	8.94	407812566	3629831168.00
2015/03/03	8.91	8.96	8.73	8.77	443292289	3916713472.00
2015/03/04	8.85	8.90	8.64	8.73	372798826	3265743104.00
2015/03/05	8.75	8.76	8.49	8.60	340501045	2934739712.00
2015/03/06	8.58	8.78	8.55	8.61	262135586	2270958336.00
2015/03/09	8.55	8.85	8.28	8.79	626747692	5354263040.00
2015/03/10	8.71	8.78	8.62	8.66	311560737	2707443712.00
2015/03/11	8.66	8.72	8.57	8.60	266520499	2303769088.00
2015/03/12	8.65	8.69	8.51	8.63	249391119	2146188544.00
2015/03/13	8.68	8.70	8.61	8.65	260579527	2253233408.00
2015/03/16	8.69	8.88	8.62	8.87	505339425	4439282688.00
2015/03/17	8.88	9.14	8.85	9.05	772580275	6968263680.00
2015/03/18	9.08	9.27	8.97	9.17	696801273	6329944064.00
2015/03/19	9.20	9.46	9.07	9.30	837085549	7789431296.00
2015/03/20	9.30	9.45	9.12	9.40	785400646	7285361152.00
2015/03/23	9.40	9.48	9.33	9.39	626967048	5884349440.00
2015/03/24	9.39	9.54	9.09	9.32	806468145	7524259328.00
2015/03/25	9.38	9.58	9.15	9.49	861768775	8060947968.00
2015/03/26	9.89	10.44	9.89	10.44	1439577782	14869706752.00
2015/03/27	10.74	10.89	10.22	10.24	1514212378	15875963904.00
2015/03/30	10.00	10.53	9.81	10.36	1296151721	13215216640.00
2015/03/31	10.38	10.38	9.97	10.04	859481263	8743834624.00
2015/04/01	9.95	10.23	9.93	10.11	589885771	5950854656.00
2015/04/02	10.12	10.15	9.91	10.01	562667603	5641848320.00
2015/04/03	10.02	10.29	9.92	10.21	803995408	8128610816.00
2015/04/07	10.25	10.50	10.14	10.36	754083949	7770971648.00
2015/04/08	10.40	10.42	10.08	10.25	656163879	6711376896.00
2015/04/09	10.25	10.27	9.90	9.99	588640964	5896941056.00
2015/04/10	9.99	10.27	9.94	10.19	574047374	5842533376.00
2015/04/13	10.25	10.40	10.11	10.32	706795211	7272593920.00
2015/04/14	10.28	11.35	10.17	11.33	1499931433	16593285120.00
2015/04/15	11.06	11.25	10.81	10.88	949611486	10484197376.00
2015/04/16	10.83	11.97	10.68	11.88	1504021330	17536987136.00
2015/04/17	12.08	13.07	12.00	13.07	1313807423	16795510784.00
2015/04/20	13.80	14.38	13.07	14.02	2107838647	29437270016.00
2015/04/21	14.08	14.55	12.90	13.54	1755947313	23795533824.00
2015/04/22	13.41	14.88	13.24	14.27	1465964549	20924145664.00
2015/04/23	14.25	14.50	13.85	14.18	1058319355	14963535872.00
2015/04/24	13.90	14.48	13.70	14.08	1058531863	14876538880.00
2015/04/27	14.20	15.45	14.20	15.33	1460154570	21930082304.00
2015/04/28	14.80	16.18	14.75	15.19	1471747834	22627356672.00
2015/04/29	14.98	14.99	14.11	14.54	852114670	12405175296.00
2015/04/30	14.49	15.19	14.32	14.56	681834158	10101126144.00
2015/05/04	14.58	16.02	14.45	16.02	1320851104	20607170560.00
2015/05/05	16.27	16.60	15.30	16.02	1487157258	23751223296.00
2015/05/06	16.02	16.25	14.42	14.79	1040575383	15963061248.00
2015/05/07	14.30	14.62	13.31	13.33	861374572	11948065792.00
2015/05/08	13.39	13.85	12.85	13.73	827652112	11097346048.00
2015/05/11	13.90	14.20	13.36	14.07	812802280	11234121728.00
2015/05/12	14.02	15.38	13.82	15.12	1014740008	14815394816.00
2015/05/13	15.00	15.70	14.42	14.53	951726335	14287400960.00
2015/05/14	14.29	14.53	13.90	14.16	591935023	8391646720.00
2015/05/15	14.18	14.78	14.01	14.33	648443355	9305010176.00
2015/05/18	14.32	14.70	14.00	14.01	638832422	9170915328.00
2015/05/19	14.05	14.64	14.01	14.45	603590509	8663052288.00
2015/05/20	14.65	15.89	14.62	15.13	1109453363	16896735232.00
2015/05/21	15.20	15.58	15.00	15.42	761325646	11649897472.00
2015/05/22	15.62	15.75	15.10	15.49	837484500	12904690688.00
2015/05/25	15.38	17.04	15.23	17.04	1069067999	17549742080.00
2015/05/26	18.10	18.74	17.55	18.74	937951805	17064256512.00
2015/05/27	19.88	20.19	18.74	18.80	1768160803	34375122944.00
2015/05/28	18.81	19.64	17.03	17.26	1316427815	24403900416.00
2015/05/29	17.13	18.25	15.90	17.67	1105673912	19077642240.00
2015/06/01	17.70	18.58	17.03	18.39	850162900	15282299904.00
2015/06/02	18.40	18.72	17.82	18.29	741265082	13537517568.00
2015/06/03	18.29	18.29	17.48	17.74	620537997	11055165440.00
2015/06/04	17.75	17.87	16.26	17.69	567679296	9801488384.00
2015/06/05	18.00	18.68	17.67	18.45	803365235	14684093440.00
2015/06/08	18.55	19.20	18.45	18.80	847501870	15947747328.00
2015/06/09	19.18	19.97	18.90	19.56	934945598	18210002944.00
2015/06/10	19.00	19.20	18.40	18.58	727216499	13625812992.00
2015/06/11	18.50	18.51	17.73	18.08	587879964	10610859008.00
2015/06/12	18.10	18.38	17.67	17.82	306273438	5497537536.00
2015/06/25	17.20	19.60	16.58	17.63	1029427377	18895155200.00
2015/06/26	16.53	17.30	15.87	15.87	587224432	9540895744.00
2015/06/29	15.87	15.87	14.28	14.28	738869580	10840305664.00
2015/06/30	13.30	14.99	12.85	14.80	835451885	11519271936.00
2015/07/01	14.10	14.90	13.32	13.32	656105002	9273015296.00
2015/07/02	13.00	13.10	11.99	11.99	602040114	7410971648.00
2015/07/03	11.00	11.85	10.79	10.79	614563019	6763205632.00
2015/07/06	11.85	11.85	9.79	10.53	975085065	10544527360.00
2015/07/07	10.00	10.43	9.48	9.48	989309378	9542777856.00
2015/07/08	8.53	9.40	8.53	8.53	1054795278	9129477120.00
2015/07/09	8.53	9.38	8.53	9.38	693991390	6260903424.00
2015/07/10	9.90	10.32	9.60	10.32	325218648	3303571456.00
2015/07/13	11.00	11.35	10.80	11.35	642894593	7151263232.00
2015/07/14	11.35	12.40	11.15	11.52	1045106911	12372256768.00
2015/07/15	11.06	11.38	10.37	10.66	727230597	7797424128.00
2015/07/16	10.66	11.73	10.08	11.73	1094917962	12577018880.00
2015/07/17	11.73	12.90	11.61	12.90	1014593471	12562074624.00
2015/07/20	13.00	14.01	12.90	13.29	1142727782	15330971648.00
2015/07/21	12.89	13.60	12.70	13.20	684925761	9084658688.00
2015/07/22	13.28	14.28	13.28	13.95	846744984	11742337024.00
2015/07/23	14.03	14.27	13.61	14.15	697372406	9747300352.00
2015/07/24	14.18	14.85	13.80	14.15	808323666	11640784896.00
2015/07/27	13.70	14.50	12.74	12.74	798353219	10952584192.00
2015/07/28	12.01	13.38	11.49	12.67	825980058	10194137088.00
2015/07/29	12.99	13.94	12.53	13.94	747917273	9803105280.00
2015/07/30	14.19	15.30	13.97	14.50	1137506021	16691453952.00
2015/07/31	14.10	14.47	13.10	13.29	724835710	10042863616.00
2015/08/03	12.80	13.08	12.00	12.01	561548711	6976351232.00
2015/08/04	12.20	13.21	12.18	13.21	562516112	7271532032.00
2015/08/05	13.80	14.20	13.21	13.54	923933642	12695899136.00
2015/08/06	13.01	14.35	13.00	13.88	752577017	10374211584.00
2015/08/07	14.05	14.36	13.70	14.29	801203731	11271287808.00
2015/08/10	15.55	15.72	15.20	15.72	928590222	14453480448.00
2015/08/11	16.49	17.20	15.73	16.12	1355848568	22437048320.00
2015/08/12	16.12	16.98	15.88	16.19	937823265	15376174080.00
2015/08/13	15.80	16.80	15.21	16.68	941761617	15121579008.00
2015/08/14	16.65	16.97	16.02	16.46	713375335	11752332288.00
2015/08/17	16.34	16.79	16.11	16.37	632606087	10453315584.00
2015/08/18	16.36	16.40	14.70	14.70	774653824	11855912960.00
2015/08/19	13.80	15.15	13.25	14.85	736823605	10406992896.00
2015/08/20	14.38	14.56	13.41	13.51	502044281	7065743360.00
2015/08/21	13.18	14.22	12.85	13.61	612363949	8364772352.00
2015/08/24	13.00	13.33	12.25	12.25	500651490	6223086080.00
2015/08/25	11.03	11.34	11.03	11.03	482887069	5356810752.00
2015/08/26	11.02	11.46	9.93	9.93	737324803	7869667328.00
2015/08/27	10.33	10.92	10.18	10.92	909719720	9778403328.00
2015/08/28	11.15	12.01	11.00	12.01	882781061	10251714560.00
2015/08/31	12.18	12.48	11.39	12.40	874909124	10490240000.00
2015/09/01	12.22	12.22	11.20	11.81	687184076	7998435328.00
2015/09/02	11.00	12.06	10.83	11.38	570739114	6528293888.00
2015/09/07	11.65	12.12	10.70	10.74	632004490	7182921728.00
2015/09/08	10.45	11.17	9.75	10.98	468641598	4860338176.00
2015/09/09	11.09	11.52	10.60	10.79	1005358022	11048842240.00
2015/09/10	10.56	11.37	10.41	11.01	698954829	7707909120.00
2015/09/11	10.90	11.08	10.61	10.83	409081656	4425585152.00
2015/09/14	11.26	11.34	9.86	10.74	671536105	7155407360.00
2015/09/15	10.30	10.52	9.67	9.67	399372667	4021254912.00
2015/09/16	9.60	10.64	9.56	10.64	513912620	5178889728.00
2015/09/17	10.63	10.98	10.26	10.28	592829022	6298969600.00
2015/09/18	10.37	10.59	10.10	10.35	316082831	3266143488.00
2015/09/21	10.27	10.80	10.17	10.74	403864044	4284975104.00
2015/09/22	10.74	10.85	10.49	10.65	404240079	4311872000.00
2015/09/23	10.38	10.57	10.25	10.33	269101559	2801231616.00
2015/09/24	10.44	10.55	10.28	10.43	222462427	2316422912.00
2015/09/25	10.37	10.68	10.10	10.21	285258093	2966259712.00
2015/09/28	10.17	10.26	9.78	10.14	188112874	1887297024.00
2015/09/29	9.93	9.98	9.70	9.75	199734323	1963431040.00
2015/09/30	9.95	10.24	9.80	10.01	228008838	2283347968.00
2015/10/08	10.40	10.47	10.28	10.32	284283628	2950012672.00
2015/10/09	10.34	10.61	10.20	10.43	283408577	2962684672.00
2015/10/12	10.44	11.47	10.44	11.47	517909980	5760120320.00
2015/10/13	11.38	11.70	11.26	11.45	516836082	5919857152.00
2015/10/14	11.48	11.64	11.07	11.08	375493861	4243528448.00
2015/10/15	10.97	11.55	10.97	11.40	456865347	5162745856.00
2015/10/16	11.54	11.59	11.11	11.52	601593270	6866037248.00
2015/10/19	11.50	11.50	11.11	11.33	430409375	4867403264.00
2015/10/20	11.33	11.75	11.16	11.66	498397720	5723737088.00
2015/10/21	11.70	11.85	10.55	10.81	701644751	8011437568.00
2015/10/22	10.74	11.19	10.60	11.07	388080510	4240708864.00
2015/10/23	11.07	11.16	10.83	11.13	349660354	3853043456.00
2015/10/26	11.30	11.34	11.00	11.10	355399628	3964101632.00
2015/10/27	11.20	12.21	11.12	12.02	991158262	11556124672.00
2015/10/28	11.80	11.80	11.17	11.26	681881437	7854904832.00
2015/10/29	11.35	11.52	11.10	11.25	326910734	3681204992.00
2015/10/30	11.23	11.29	10.93	11.06	246621434	2737955072.00
2015/11/02	10.80	10.90	10.47	10.50	323115681	3456568320.00
2015/11/03	10.57	10.67	10.35	10.47	169861124	1785225600.00
2015/11/04	10.52	11.06	10.48	10.95	298303695	3222360064.00
2015/11/05	10.93	11.78	10.82	11.25	690825502	7839413760.00
2015/11/06	11.20	11.60	11.11	11.38	498746794	5654421504.00
2015/11/09	11.28	12.20	11.23	11.66	763607417	8897608704.00
2015/11/10	11.52	11.91	11.47	11.66	507858454	5923770368.00
2015/11/11	11.61	11.86	11.55	11.71	369585984	4322695680.00
2015/11/12	11.68	11.79	11.50	11.51	356772605	4151732736.00
2015/11/13	11.38	11.49	10.95	11.01	396700113	4430148096.00
2015/11/16	10.80	11.15	10.78	11.14	221134944	2432943872.00
2015/11/17	11.20	11.47	11.10	11.16	342826753	3875415040.00
2015/11/18	11.14	11.20	10.88	10.91	219947102	2416153344.00
2015/11/19	10.92	11.08	10.84	11.04	213318317	2340943104.00
2015/11/20	11.14	11.29	11.02	11.07	254283120	2833313280.00
2015/11/23	11.09	11.18	10.90	10.95	220989167	2435348480.00
2015/11/24	10.88	10.94	10.62	10.85	220825813	2376605952.00
2015/11/25	11.10	11.15	10.94	11.01	235308630	2594557440.00
2015/11/26	10.98	11.30	10.88	11.09	296684584	3286448896.00
2015/11/27	11.09	11.26	10.10	10.32	346158558	3746843136.00
2015/11/30	10.25	10.39	9.64	10.06	267049594	2682336256.00
2015/12/01	10.08	10.26	9.85	10.16	176012946	1767469568.00
2015/12/02	10.08	10.36	10.00	10.34	214969540	2188710656.00
2015/12/03	10.28	10.38	10.18	10.36	169492072	1741291136.00
2015/12/04	10.28	10.30	10.06	10.12	169171897	1719948160.00
2015/12/07	10.15	10.25	10.02	10.09	102457789	1033375040.00
2015/12/08	10.04	10.05	9.77	9.80	171574675	1693559040.00
2015/12/09	9.79	9.89	9.67	9.75	125512751	1227031808.00
2015/12/10	9.75	9.80	9.35	9.47	228063618	2189314560.00
2015/12/11	9.46	9.62	9.37	9.41	181510789	1721008512.00
2015/12/14	9.45	9.97	9.29	9.90	283533070	2742274304.00
2015/12/15	9.80	10.15	9.74	9.88	223895669	2219822848.00
2015/12/16	9.88	9.95	9.70	9.74	114751600	1125401088.00
2015/12/17	9.77	9.95	9.76	9.88	155732746	1534000896.00
2015/12/18	9.84	9.94	9.79	9.83	129728207	1278301056.00
2015/12/21	9.83	10.17	9.79	10.04	260328700	2602015488.00
2015/12/22	9.99	10.04	9.86	9.96	133874318	1332252416.00
2015/12/23	9.98	9.98	9.79	9.83	145044288	1431630592.00
2015/12/24	9.81	9.85	9.56	9.64	123555866	1195098368.00
2015/12/25	9.65	9.82	9.52	9.73	162013607	1566772224.00
2015/12/28	9.72	9.73	9.40	9.42	143650683	1375802624.00
2015/12/29	9.39	9.48	9.34	9.47	87064192	818864896.00
2015/12/30	9.48	9.53	9.32	9.48	109526997	1032752000.00
2015/12/31	9.48	9.50	9.38	9.40	80532215	759895680.00
2016/01/04	9.87	9.95	8.60	8.71	223513108	2151155456.00
2016/01/05	8.53	9.47	8.35	9.33	351616774	3193735424.00
2016/01/06	9.29	9.48	9.13	9.40	220004490	2053355008.00
2016/01/07	9.20	9.23	8.46	8.48	69209079	608960768.00
2016/01/08	8.80	8.88	8.05	8.57	233313090	2008025728.00
2016/01/11	8.47	8.73	7.95	8.00	220207465	1831000320.00
2016/01/12	8.10	8.48	7.89	8.24	228225417	1862685568.00
2016/01/13	8.24	8.28	7.85	7.90	162035705	1309608064.00
2016/01/14	7.64	8.18	7.51	8.16	193995666	1529192832.00
2016/01/15	8.15	8.32	7.81	7.86	180055616	1452876416.00
2016/01/18	7.63	8.06	7.61	7.91	137142912	1081645184.00
2016/01/19	7.91	8.35	7.85	8.23	201316926	1639310976.00
2016/01/20	8.15	8.21	7.88	7.93	230060053	1852752512.00
2016/01/21	7.80	8.50	7.72	8.00	302035121	2468298752.00
2016/01/22	7.80	8.00	7.70	7.87	229195744	1796936064.00
2016/01/25	7.88	7.92	7.67	7.75	186354055	1448050688.00
2016/01/26	7.59	7.67	6.98	6.98	266978515	1939670912.00
2016/01/27	6.99	7.10	6.40	6.69	229054337	1540711808.00
2016/01/28	6.58	6.60	6.02	6.02	222144754	1398244608.00
2016/01/29	6.02	6.30	5.83	6.19	252983387	1547808000.00
2016/02/01	6.14	6.17	5.67	5.86	229062392	1353348480.00
2016/02/02	5.86	6.19	5.81	6.04	210964640	1272170112.00
2016/02/03	5.90	6.08	5.85	6.06	156289075	930713920.00
2016/02/04	6.10	6.40	6.07	6.21	241810904	1508861312.00
2016/02/05	6.20	6.29	6.11	6.13	152639479	947566848.00
2016/02/15	5.94	6.13	5.89	6.08	105889522	636194304.00
2016/02/16	6.18	6.54	6.13	6.41	238454229	1509839232.00
2016/02/17	6.34	6.79	6.32	6.61	292813653	1931163136.00
2016/02/18	6.58	6.64	6.49	6.52	172770459	1133655040.00
2016/02/19	6.60	6.71	6.50	6.57	153191857	1010928768.00
2016/02/22	6.67	6.74	6.57	6.70	182351599	1216069760.00
2016/02/23	6.69	6.70	6.47	6.59	146202190	963397120.00
2016/02/24	6.56	6.85	6.53	6.79	232380161	1565598720.00
2016/02/25	6.76	6.76	6.11	6.11	264040681	1691665664.00
2016/02/26	6.18	6.25	5.92	6.11	158857942	971976576.00
2016/02/29	6.11	6.12	5.66	5.83	174140318	1009279104.00
2016/03/01	5.86	6.19	5.80	6.08	168558514	1010451328.00
2016/03/02	6.12	6.46	6.04	6.41	212492227	1334730240.00
2016/03/03	6.41	6.63	6.36	6.38	198274863	1281640448.00
2016/03/04	6.38	6.72	6.30	6.48	280902522	1833095040.00
2016/03/07	6.55	6.70	6.42	6.60	202706626	1330926464.00
2016/03/08	6.51	6.57	6.18	6.50	200269344	1275328512.00
2016/03/09	6.33	6.42	6.25	6.26	122682359	775055936.00
2016/03/10	6.26	6.35	6.15	6.16	92388634	577125440.00
2016/03/11	6.12	6.20	6.06	6.10	106530754	651015104.00
2016/03/14	6.18	6.40	6.16	6.32	142435257	899355456.00
2016/03/15	6.27	6.65	6.20	6.52	239550847	1539088768.00
2016/03/16	6.47	6.65	6.35	6.36	169098459	1096206464.00
2016/03/17	6.41	6.58	6.39	6.50	166257635	1078368512.00
2016/03/18	6.55	6.76	6.48	6.64	328532571	2178486272.00
2016/03/21	6.69	6.95	6.62	6.90	352210367	2396018944.00
2016/03/22	6.82	7.58	6.78	7.47	667530925	4847087616.00
2016/03/23	7.30	7.39	7.11	7.26	300763805	2182002688.00
2016/03/24	7.21	7.68	7.07	7.27	309636199	2288933888.00
2016/03/25	7.25	7.36	7.07	7.21	161129227	1160117632.00
2016/03/28	7.30	7.48	7.08	7.15	167480885	1218403584.00
2016/03/29	7.18	7.20	6.89	6.95	143500806	1007874240.00
2016/03/30	7.04	7.14	6.98	7.13	127228495	900452736.00
2016/03/31	7.15	7.30	7.10	7.19	156275256	1125198464.00
2016/04/01	7.12	7.23	7.00	7.11	114451179	811725952.00
2016/04/05	7.11	7.33	7.06	7.25	152228440	1099600640.00
2016/04/06	7.19	7.26	7.10	7.16	129774103	931996224.00
2016/04/07	7.18	7.21	7.01	7.03	113537467	804605120.00
2016/04/08	6.98	6.98	6.76	6.88	153429561	1052479488.00
2016/04/11	6.92	7.04	6.92	6.97	100792992	704701376.00
2016/04/12	6.98	7.00	6.83	6.90	78635880	541593728.00
2016/04/13	6.95	7.12	6.92	6.95	226810466	1592731264.00
2016/04/14	7.00	7.04	6.94	7.00	111264665	778008128.00
2016/04/15	7.01	7.13	7.01	7.05	127053301	897153408.00
2016/04/18	7.00	7.00	6.86	6.88	92935809	640596736.00
2016/04/19	6.92	6.96	6.82	6.89	72843614	500846336.00
2016/04/20	6.90	6.95	6.33	6.50	175173362	1160491264.00
2016/04/21	6.47	6.53	6.38	6.41	91073865	588412160.00
2016/04/22	6.37	6.46	6.33	6.43	59701473	382089632.00
2016/04/25	6.40	6.41	6.27	6.34	66442113	420111264.00
2016/04/26	6.35	6.43	6.31	6.42	64269885	408994432.00
2016/04/27	6.43	6.44	6.32	6.35	51351428	327395360.00
2016/04/28	6.34	6.38	6.30	6.34	64963474	411239808.00
2016/04/29	6.33	6.34	6.29	6.30	53475491	337616096.00
2016/05/03	6.31	6.44	6.28	6.43	84405228	538296000.00
2016/05/04	6.40	6.58	6.37	6.50	103227081	668178304.00
2016/05/05	6.47	6.55	6.43	6.49	66675108	431874368.00
2016/05/06	6.48	6.50	6.21	6.22	105980360	671431488.00
2016/05/09	6.20	6.20	5.95	5.99	100623031	607582208.00
2016/05/10	6.00	6.24	5.94	6.07	98090438	593917184.00
2016/05/11	6.09	6.12	5.97	6.03	74708640	450779904.00
2016/05/12	5.98	6.08	5.85	6.06	73151836	437317792.00
2016/05/13	6.07	6.12	6.02	6.04	55843503	338359296.00
2016/05/16	6.02	6.14	5.99	6.10	69631595	422550112.00
2016/05/17	6.08	6.10	6.00	6.03	63326798	382505728.00
2016/05/18	5.97	5.99	5.81	5.85	87109997	512972160.00
2016/05/19	5.90	5.93	5.85	5.86	49455917	291372608.00
2016/05/20	5.81	6.05	5.80	5.96	76261225	452927296.00
2016/05/23	6.05	6.07	5.97	6.01	68573907	412595168.00
2016/05/24	6.00	6.00	5.89	5.92	60998355	361620800.00
2016/05/25	5.95	6.01	5.90	5.91	47779789	284272512.00
2016/05/26	5.91	5.97	5.83	5.93	53699005	316483616.00
2016/05/27	5.94	5.99	5.89	5.94	56842403	337699488.00
2016/05/30	5.90	5.97	5.85	5.94	54214680	321277984.00
2016/05/31	5.95	6.17	5.93	6.15	144660197	882936512.00
2016/06/01	6.15	6.20	6.11	6.16	105688843	651326784.00
2016/06/02	6.14	6.16	6.09	6.15	71626486	438179648.00
2016/06/03	6.21	6.28	6.15	6.17	118220072	734138560.00
2016/06/29	6.38	6.76	6.37	6.42	290829999	1897259008.00
2016/06/30	6.36	6.43	6.28	6.33	101352839	641467456.00
2016/07/01	6.33	6.47	6.30	6.37	100237934	640262848.00
2016/07/04	6.34	6.72	6.31	6.65	246359534	1621802240.00
2016/07/05	6.68	7.30	6.65	7.01	432488600	3021246720.00
2016/07/06	6.90	6.99	6.81	6.89	191915896	1319584640.00
2016/07/07	6.87	6.88	6.76	6.84	122285774	833779008.00
2016/07/08	6.82	6.96	6.81	6.91	147109980	1017728320.00
2016/07/11	7.09	7.29	7.07	7.16	305422885	2192633856.00
2016/07/12	7.18	7.25	7.05	7.20	229277731	1640021888.00
2016/07/13	7.29	7.47	7.13	7.23	235559034	1719645056.00
2016/07/14	7.15	7.33	7.08	7.22	153473069	1103899392.00
2016/07/15	7.35	7.40	7.12	7.14	117009902	842781696.00
2016/07/18	7.15	7.17	6.99	7.01	119873207	846075264.00
2016/07/19	6.99	7.07	6.93	7.00	77156936	538903744.00
2016/07/20	6.99	7.02	6.93	6.94	57577851	400908448.00
2016/07/21	6.95	7.03	6.86	6.89	106631564	740908288.00
2016/07/22	6.94	7.02	6.83	6.87	102926505	712710912.00
2016/07/25	6.85	6.91	6.81	6.84	54113465	370827936.00
2016/07/26	6.84	6.93	6.82	6.92	56994234	392304000.00
2016/07/27	6.93	6.97	6.44	6.63	143656399	966812928.00
2016/07/28	6.64	6.75	6.56	6.68	76154196	507460256.00
2016/07/29	6.63	6.67	6.57	6.63	48247426	319123648.00
2016/08/01	6.58	6.62	6.46	6.49	60461339	393521696.00
2016/08/02	6.49	6.55	6.46	6.54	41206359	268343552.00
2016/08/03	6.49	6.60	6.45	6.55	65893527	430655872.00
2016/08/04	6.52	6.55	6.47	6.54	47710142	310399072.00
2016/08/05	6.52	6.55	6.49	6.50	37705063	245617072.00
2016/08/08	6.50	6.69	6.45	6.68	81338973	534835488.00
2016/08/09	6.63	6.68	6.61	6.68	59519027	395965824.00
2016/08/10	6.69	6.77	6.66	6.67	56997300	382628352.00
2016/08/11	6.66	6.68	6.58	6.62	50416789	333989888.00
2016/08/12	6.61	6.68	6.58	6.67	48129660	318878208.00
2016/08/15	6.68	6.88	6.64	6.83	121959792	828401856.00
2016/08/16	6.88	6.89	6.80	6.83	90167146	617302016.00
2016/08/17	6.85	7.00	6.80	6.92	114422122	792363520.00
2016/08/18	6.88	6.97	6.85	6.88	68022952	468536064.00
2016/08/19	6.87	6.92	6.77	6.88	71660005	490438944.00
2016/08/22	6.87	6.88	6.73	6.74	48891687	332426752.00
2016/08/23	6.74	6.81	6.71	6.75	42748421	288994880.00
2016/08/24	6.76	6.79	6.72	6.74	34120425	230310688.00
2016/08/25	6.71	6.72	6.60	6.64	50400044	334608000.00
2016/08/26	6.67	6.71	6.64	6.65	35612027	237696080.00
2016/08/29	6.68	6.71	6.65	6.66	35972982	240125888.00
2016/08/30	6.66	6.76	6.66	6.71	43579962	292127200.00
2016/08/31	6.75	6.77	6.69	6.73	46606089	313920352.00
2016/09/01	6.73	6.74	6.63	6.63	41973257	280544032.00
2016/09/02	6.61	6.66	6.51	6.54	59273264	389949184.00
2016/09/05	6.57	6.62	6.54	6.56	32905061	216652128.00
2016/09/06	6.58	6.66	6.53	6.64	42561265	280946112.00
2016/09/07	6.65	6.69	6.63	6.65	46557143	310444512.00
2016/09/08	6.65	6.68	6.61	6.65	35640174	236429440.00
2016/09/09	6.66	6.66	6.59	6.61	41862317	277358784.00
2016/09/12	6.50	6.53	6.39	6.42	80641682	520045888.00
2016/09/13	6.45	6.47	6.37	6.39	39954691	255709408.00
2016/09/14	6.35	6.37	6.29	6.31	49237859	311174368.00
2016/09/19	6.31	6.45	6.31	6.35	45923436	293111520.00
2016/09/20	6.35	6.36	6.27	6.28	44032412	277735936.00
2016/09/21	6.30	6.33	6.28	6.31	30264090	191031200.00
2016/09/22	6.35	6.37	6.31	6.33	36612478	231842528.00
2016/09/23	6.34	6.35	6.28	6.30	32710853	206317232.00
2016/09/26	6.29	6.29	6.12	6.14	59278090	367051968.00
2016/09/27	6.10	6.19	6.10	6.19	41144279	252847008.00
2016/09/28	6.19	6.21	6.16	6.18	30300228	187463856.00
2016/09/29	6.20	6.22	6.18	6.19	32000465	198474704.00
2016/09/30	6.19	6.23	6.19	6.20	23980430	148773936.00
2016/10/10	6.23	6.35	6.23	6.34	49131708	309889376.00
2016/10/11	6.41	6.73	6.40	6.66	163694073	1083836800.00
2016/10/12	6.62	6.62	6.51	6.58	85112725	559006592.00
2016/10/13	6.57	6.84	6.54	6.73	156384406	1054697088.00
2016/10/14	6.69	6.73	6.59	6.71	85792887	570710016.00
2016/10/17	6.72	6.84	6.57	6.60	94588842	633155392.00
2016/10/18	6.58	6.79	6.54	6.73	109722765	734659072.00
2016/10/19	6.74	6.82	6.67	6.71	102561268	691357248.00
2016/10/20	6.73	6.80	6.67	6.68	80604190	542508672.00
2016/10/21	6.66	6.86	6.63	6.80	183865525	1245606400.00
2016/10/24	6.81	6.94	6.76	6.86	190581728	1308219264.00
2016/10/25	6.84	6.85	6.72	6.75	117682664	796401536.00
2016/10/26	6.75	6.76	6.67	6.69	80061092	537074496.00
2016/10/27	6.69	6.72	6.63	6.69	52875140	352689920.00
2016/10/28	6.74	6.79	6.62	6.64	102520472	687693568.00
2016/10/31	6.60	6.63	6.47	6.52	73481832	480003968.00
2016/11/01	6.54	6.58	6.52	6.57	45140950	295846816.00
2016/11/02	6.56	6.57	6.45	6.46	62036154	403009536.00
2016/11/03	6.45	6.65	6.42	6.55	97306195	637852288.00
2016/11/04	6.50	6.58	6.50	6.50	56681172	369903424.00
2016/11/07	6.50	6.55	6.46	6.50	46947521	305409472.00
2016/11/08	6.53	6.57	6.51	6.55	51015735	333635680.00
2016/11/09	6.54	6.55	6.35	6.42	100434874	645850816.00
2016/11/10	6.48	6.55	6.46	6.54	87167020	567363840.00
2016/11/11	6.52	6.75	6.47	6.67	187181808	1238603008.00
2016/11/14	6.64	6.84	6.61	6.76	204683348	1381553024.00
2016/11/15	6.75	6.92	6.73	6.80	158737714	1081746560.00
2016/11/16	6.81	6.85	6.70	6.73	103740858	700107648.00
2016/11/17	6.74	6.98	6.72	6.96	248697446	1704739712.00
2016/11/18	6.93	7.03	6.83	6.85	235579473	1632512128.00
2016/11/21	6.83	7.19	6.81	7.00	267643467	1884144512.00
2016/11/22	6.98	7.18	6.94	7.02	222019991	1563681280.00
2016/11/23	7.04	7.12	6.92	6.96	169178511	1186258560.00
2016/11/24	6.93	6.98	6.83	6.87	145443868	1002751680.00
2016/11/25	6.87	6.95	6.76	6.94	145388374	996481856.00
2016/11/28	6.93	7.08	6.91	7.02	184338799	1292756352.00
2016/11/29	7.00	7.50	6.96	7.31	555723474	4025388544.00
2016/11/30	7.20	7.33	7.09	7.21	284753276	2048951424.00
2016/12/01	7.17	7.88	7.16	7.61	579065717	4375929856.00
2016/12/02	7.62	7.81	7.40	7.44	482137201	3658274304.00
2016/12/05	7.15	7.85	7.15	7.37	530215610	3982084352.00
2016/12/06	7.30	7.68	7.29	7.49	327491473	2454019328.00
2016/12/07	7.44	7.66	7.42	7.65	330543969	2501240064.00
2016/12/08	7.62	7.73	7.44	7.49	299667703	2271175168.00
2016/12/09	7.45	7.48	7.25	7.47	241846749	1779088896.00
2016/12/12	7.41	7.53	7.01	7.09	305109432	2220428800.00
2016/12/13	7.04	7.46	7.01	7.35	333222358	2420860416.00
2016/12/14	7.33	7.46	7.24	7.26	295521040	2174836992.00
2016/12/15	7.21	7.54	7.18	7.33	309641505	2273445632.00
2016/12/16	7.23	7.33	7.11	7.15	210530838	1515074048.00
2016/12/19	7.15	7.24	7.00	7.07	179327105	1273355008.00
2016/12/20	7.06	7.09	6.85	6.92	183929456	1273744640.00
2016/12/21	6.95	7.29	6.93	7.20	317071918	2256873984.00
2016/12/22	7.15	7.35	7.14	7.28	253259269	1832288640.00
2016/12/23	7.25	7.32	7.19	7.21	196847845	1429639552.00
2016/12/26	7.16	7.44	7.12	7.41	220989582	1605376640.00
2016/12/27	7.37	7.53	7.31	7.40	205901992	1525734528.00
2016/12/28	7.38	7.47	7.28	7.29	156594316	1153322496.00
2016/12/29	7.26	7.33	7.11	7.16	152625586	1098970624.00
2016/12/30	7.15	7.26	7.05	7.09	133845511	957935872.00
2017/01/03	7.12	7.36	7.11	7.34	189625155	1378289792.00
2017/01/04	7.30	7.41	7.30	7.37	208751252	1537834112.00
2017/01/05	7.34	7.52	7.34	7.48	226159990	1682556672.00
2017/01/06	7.47	7.57	7.39	7.44	214848887	1607622528.00
2017/01/09	7.43	7.80	7.40	7.76	422283051	3235708160.00
2017/01/10	7.74	7.75	7.57	7.58	246997275	1892406400.00
2017/01/11	7.56	7.73	7.53	7.64	226417962	1727935104.00
2017/01/12	7.60	7.90	7.49	7.65	286179263	2198456064.00
2017/01/13	7.60	7.68	7.45	7.52	224569857	1694478848.00
2017/01/16	7.44	7.46	7.15	7.38	306705151	2238035200.00
2017/01/17	7.31	7.48	7.30	7.40	122831483	908167744.00
2017/01/18	7.41	7.52	7.36	7.37	120855122	898327168.00
2017/01/19	7.31	7.36	7.23	7.26	97426582	709756288.00
2017/01/20	7.25	7.41	7.23	7.39	109757343	805563968.00
2017/01/23	7.44	7.65	7.43	7.60	203978860	1542530560.00
2017/01/24	7.58	7.64	7.53	7.57	118312615	897155136.00
2017/01/25	7.53	7.66	7.51	7.65	116246979	884403520.00
2017/01/26	7.66	7.71	7.55	7.65	123392765	941058816.00
2017/02/03	7.71	7.86	7.64	7.70	194886347	1512727296.00
2017/02/06	7.66	7.74	7.56	7.64	166315332	1272994304.00
2017/02/07	7.60	7.68	7.54	7.62	121694301	924879296.00
2017/02/08	7.59	7.88	7.56	7.84	321572281	2497758976.00
2017/02/09	7.92	7.96	7.77	7.90	272650575	2144323840.00
2017/02/10	7.86	8.13	7.82	8.04	353668030	2823046912.00
2017/02/13	8.00	8.07	7.93	8.02	207566297	1658688640.00
2017/02/14	8.01	8.07	7.88	7.91	198945443	1581274240.00
2017/02/15	7.80	7.83	7.64	7.69	328219858	2535570176.00
2017/02/16	7.65	7.74	7.62	7.73	131729262	1014044032.00
2017/02/17	7.71	7.81	7.64	7.74	218078683	1686808960.00
2017/02/20	7.76	7.80	7.71	7.78	161452025	1250980736.00
2017/02/21	7.77	7.78	7.69	7.76	128853907	995856000.00
2017/02/22	7.74	7.76	7.68	7.71	129372526	997266304.00
2017/02/23	7.70	7.71	7.57	7.63	162505723	1239934464.00
2017/02/24	7.61	7.75	7.60	7.72	128740003	988931072.00
2017/02/27	7.70	7.77	7.62	7.65	104835195	807266240.00
2017/02/28	7.65	7.69	7.63	7.68	67180246	514041024.00
2017/03/01	7.66	7.79	7.65	7.74	140124648	1085440384.00
2017/03/02	7.74	7.76	7.58	7.60	130599309	1000182464.00
2017/03/03	7.56	7.64	7.53	7.58	90168264	683241024.00
2017/03/06	7.55	7.62	7.53	7.61	83004193	629171328.00
2017/03/07	7.60	7.61	7.48	7.53	125252749	942562752.00
2017/03/08	7.54	7.61	7.51	7.55	96537539	730558848.00
2017/03/09	7.53	7.53	7.35	7.36	146217206	1080983552.00
2017/03/10	7.36	7.40	7.30	7.31	75168937	551691520.00
2017/03/13	7.32	7.37	7.25	7.34	80352970	588544064.00
2017/03/14	7.35	7.45	7.34	7.38	98652347	730476224.00
2017/03/15	7.38	7.38	7.30	7.33	69216120	506829952.00
2017/03/16	7.33	7.40	7.33	7.40	81480829	601239616.00
2017/03/17	7.41	7.43	7.27	7.28	88256353	647681280.00
2017/03/20	7.29	7.34	7.23	7.28	69838241	507607968.00
2017/03/21	7.29	7.31	7.25	7.29	65260015	474664096.00
2017/03/22	7.26	7.29	7.18	7.22	103053655	744443840.00
2017/03/23	7.22	7.25	7.14	7.20	98562539	709634048.00
2017/03/24	7.19	7.35	7.14	7.34	130364563	944591744.00
2017/03/27	7.30	7.39	7.29	7.33	106716212	782470016.00
2017/03/28	7.33	7.38	7.30	7.32	71308343	523335872.00
2017/03/29	7.34	7.44	7.30	7.37	130507219	963519616.00
2017/03/30	7.36	7.39	7.22	7.23	101549592	739107456.00
2017/03/31	7.31	7.51	7.31	7.44	196138790	1458162304.00
2017/04/05	7.45	7.62	7.38	7.60	208832097	1576319872.00
2017/04/06	7.60	7.75	7.55	7.64	216704226	1657638784.00
2017/04/07	7.90	7.90	7.63	7.66	309773892	2403245312.00
2017/04/10	7.69	7.88	7.61	7.77	266308342	2062990336.00
2017/04/11	7.71	8.12	7.67	8.04	493145810	3911015168.00
2017/04/12	8.06	8.14	7.89	7.94	310440503	2484969216.00
2017/04/13	7.86	7.93	7.78	7.82	171346451	1343164416.00
2017/04/14	7.82	7.97	7.79	7.84	155059993	1220496640.00
2017/04/17	7.83	7.83	7.62	7.71	140409458	1078224256.00
2017/04/18	7.69	7.74	7.60	7.61	111762225	856411584.00
2017/04/19	7.61	7.67	7.40	7.48	151563077	1139615616.00
2017/04/20	7.50	7.58	7.40	7.58	106502193	797866560.00
2017/04/21	7.54	7.60	7.46	7.51	100758746	759111040.00
2017/04/24	7.53	7.58	7.23	7.24	135588843	999757632.00
2017/04/25	7.26	7.60	7.19	7.58	172477438	1273087232.00
2017/04/26	7.52	7.55	7.23	7.24	223076969	1636057728.00
2017/04/27	7.18	7.18	6.83	7.03	200659790	1399232384.00
2017/04/28	7.01	7.10	6.96	7.04	80248564	564618496.00
2017/05/02	7.05	7.05	6.96	6.98	66530694	465230688.00
2017/05/03	6.96	6.97	6.86	6.87	86231763	594810048.00
2017/05/04	6.85	6.85	6.72	6.77	105007184	710510976.00
2017/05/05	6.74	6.81	6.56	6.63	139296698	929190528.00
2017/05/08	6.59	6.59	6.35	6.42	144402061	930867584.00
2017/05/09	6.39	6.54	6.35	6.49	77395045	500612800.00
2017/05/10	6.49	6.50	6.29	6.30	74589606	478909792.00
2017/05/11	6.25	6.36	6.10	6.34	105348048	658589952.00
2017/05/12	6.32	6.34	6.26	6.29	79567279	501002304.00
2017/05/15	6.29	6.35	6.21	6.22	75657448	474649088.00
2017/05/16	6.22	6.31	6.07	6.29	115522492	715075840.00
2017/05/17	6.29	6.39	6.27	6.32	107866387	683782720.00
2017/05/18	6.27	6.33	6.22	6.24	63199269	396183104.00
2017/05/19	6.26	6.31	6.25	6.29	51940554	326267584.00
2017/05/22	6.28	6.36	6.21	6.23	72157606	453444096.00
2017/05/23	6.25	6.25	6.00	6.02	113775809	694129344.00
2017/05/24	5.98	6.05	5.87	6.04	75474561	450686400.00
2017/05/25	6.06	6.17	5.98	6.15	96442759	587311616.00
2017/05/26	6.14	6.22	6.12	6.21	76606774	472760288.00
2017/11/06	6.69	6.83	6.42	6.50	352385955	2330283008.00
2017/11/07	6.47	6.83	6.42	6.78	233205590	1561251328.00
2017/11/08	6.76	6.76	6.61	6.65	161475287	1075948416.00
2017/11/09	6.65	6.70	6.60	6.64	112758757	748938752.00
2017/11/10	6.62	6.68	6.47	6.51	130098295	849483264.00
2017/11/13	6.50	6.51	6.35	6.37	135728192	870502080.00
2017/11/14	6.37	6.44	6.25	6.34	112089160	708454144.00
2017/11/15	6.28	6.34	6.25	6.26	65615977	411851040.00
2017/11/16	6.25	6.31	6.20	6.25	79814942	498546752.00
2017/11/17	6.25	6.27	6.02	6.04	109413568	669143616.00
2017/11/20	6.02	6.14	5.92	6.11	85113635	513183360.00
2017/11/21	6.08	6.17	6.06	6.10	82565401	505274752.00
2017/11/22	6.14	6.52	6.10	6.45	219669457	1398435968.00
2017/11/23	6.43	6.57	6.30	6.32	157467712	1015162880.00
2017/11/24	6.33	6.45	6.32	6.37	104855323	668569024.00
2017/11/27	6.36	6.46	6.20	6.22	95361401	604601472.00
2017/11/28	6.22	6.34	6.19	6.30	64786688	407302112.00
2017/11/29	6.30	6.34	6.12	6.19	96435069	597195776.00
2017/11/30	6.17	6.29	6.13	6.16	72788697	451782080.00
2017/12/01	6.15	6.18	6.10	6.12	67169304	411748032.00
2017/12/04	6.12	6.13	6.07	6.08	57334600	349500608.00
2017/12/05	6.11	6.19	5.99	6.04	98663812	599682368.00
2017/12/06	6.03	6.11	5.95	6.10	75118021	454624672.00
2017/12/07	6.09	6.26	6.07	6.18	140027401	868120128.00
2017/12/08	6.16	6.21	6.12	6.18	70932494	437452064.00
2017/12/11	6.17	6.21	6.14	6.20	78610272	484953312.00
2017/12/12	6.18	6.20	6.05	6.06	97919116	598139584.00
2017/12/13	6.06	6.13	6.03	6.08	59476187	361327904.00
2017/12/14	6.08	6.08	6.01	6.04	66271631	399980704.00
2017/12/15	6.02	6.04	5.93	5.98	162725650	974324288.00
2017/12/18	6.01	6.03	5.96	5.97	65354462	391726688.00
2017/12/19	5.98	6.01	5.96	5.98	57531465	343974304.00
2017/12/20	5.98	5.99	5.87	5.88	86104986	508879104.00
2017/12/29	5.99	6.20	5.95	6.03	168544275	1020773056.00
2018/01/02	6.00	6.11	6.00	6.04	92242963	557680384.00
2018/01/03	6.04	6.13	6.03	6.13	117469236	714623808.00
2018/01/04	6.12	6.13	6.07	6.09	82967798	505344288.00
2018/01/05	6.09	6.12	6.04	6.10	97788597	594066560.00
2018/01/08	6.09	6.10	6.04	6.08	88817718	538462528.00
2018/01/09	6.08	6.23	6.07	6.16	151598709	933237888.00
2018/01/10	6.14	6.14	6.05	6.08	99773823	607108992.00
2018/01/11	6.06	6.13	6.05	6.10	74871701	455650688.00
2018/01/12	6.09	6.19	6.06	6.12	98228285	600835712.00
2018/01/15	6.09	6.10	5.92	5.95	127523786	765787904.00
2018/01/16	5.93	6.01	5.92	5.99	85705213	510476256.00
2018/01/17	5.97	6.06	5.91	6.02	89360922	535223744.00
2018/01/18	6.00	6.11	5.99	6.07	100299997	607021568.00
2018/01/19	6.10	6.25	6.09	6.20	225628444	1395575552.00
2018/01/22	6.20	6.25	6.15	6.21	120912314	748882560.00
2018/01/23	6.21	6.25	6.16	6.24	123002783	763312256.00
2018/01/24	6.24	6.45	6.21	6.37	231534412	1462367104.00
2018/01/25	6.35	6.54	6.32	6.39	260868209	1680345216.00
2018/01/26	6.34	6.39	6.31	6.35	115952757	736494912.00
2018/01/29	6.36	6.43	6.20	6.22	163578633	1030469056.00
2018/01/30	6.23	6.30	6.18	6.24	101942994	635897472.00
2018/01/31	6.21	6.34	6.19	6.22	148895676	931587648.00
2018/02/01	6.21	6.24	5.96	5.99	181604734	1103562240.00
2018/02/02	5.94	6.13	5.90	6.12	116500812	702234624.00
2018/02/05	6.04	6.10	6.01	6.07	82195339	497489312.00
2018/02/06	5.99	6.14	5.85	5.87	141667389	850190912.00
2018/02/07	5.96	6.03	5.77	5.91	114873751	680010752.00
2018/02/08	5.90	6.01	5.85	5.95	81767963	485982656.00
2018/02/09	5.84	5.85	5.36	5.40	193192587	1076095232.00
2018/02/12	5.43	5.48	5.40	5.44	76284696	415257376.00
2018/02/13	5.48	5.52	5.43	5.45	79507599	435028320.00
2018/02/14	5.46	5.47	5.41	5.43	47980625	260758240.00
2018/02/22	5.47	5.53	5.46	5.52	52152228	286718144.00
2018/02/23	5.52	5.59	5.49	5.53	67256361	371622496.00
2018/02/26	5.54	5.62	5.51	5.60	109142969	607887296.00
2018/02/27	5.58	5.73	5.56	5.63	132677277	748171072.00
2018/02/28	5.58	5.79	5.52	5.73	164092359	930831936.00
2018/03/01	5.66	5.73	5.64	5.68	131852119	747586176.00
2018/03/02	5.64	5.70	5.60	5.62	83652831	471617088.00
2018/03/05	5.67	5.68	5.59	5.61	62262658	350067776.00
2018/03/06	5.62	5.68	5.56	5.67	102075277	574076928.00
2018/03/07	5.65	5.67	5.56	5.58	81683897	458913856.00
2018/03/08	5.57	5.60	5.55	5.58	58846599	327833376.00
2018/03/09	5.56	5.64	5.55	5.60	90705893	507160320.00
2018/03/12	5.62	5.67	5.60	5.66	110643573	623142848.00
2018/03/13	5.66	5.67	5.58	5.59	91201514	512995680.00
2018/03/14	5.56	5.58	5.51	5.52	86503796	479320864.00
2018/03/15	5.49	5.56	5.48	5.53	74166034	409288192.00
2018/03/16	5.53	5.54	5.47	5.48	62189235	342326208.00
2018/03/19	5.48	5.51	5.47	5.48	55342097	303741376.00
2018/03/20	5.46	5.48	5.41	5.46	66131233	360285984.00
2018/03/21	5.47	5.56	5.44	5.47	119205890	655215680.00
2018/03/22	5.45	5.49	5.41	5.43	82863903	450526592.00
2018/03/23	5.18	5.29	4.98	5.06	176500571	908628608.00
2018/03/26	5.01	5.13	4.99	5.12	100023235	507276000.00
2018/03/27	5.18	5.33	5.15	5.29	147253574	775777408.00
2018/03/28	5.22	5.26	5.16	5.18	79458292	414349280.00
2018/03/29	5.20	5.26	5.18	5.22	61460691	320507936.00
2018/03/30	5.24	5.50	5.20	5.43	228191218	1233301376.00
2018/04/02	5.31	5.55	5.31	5.43	155933685	848575296.00
2018/04/03	5.37	5.50	5.33	5.40	101497048	549449792.00
2018/04/04	5.40	5.58	5.40	5.50	169815534	935709888.00
2018/04/09	5.50	5.63	5.45	5.62	184163914	1026045440.00
2018/04/10	5.64	5.64	5.50	5.57	134137634	744228608.00
2018/04/11	5.57	5.63	5.51	5.59	106890464	596102272.00
2018/04/12	5.59	5.62	5.51	5.51	82493299	458160320.00
2018/04/13	5.55	5.72	5.53	5.55	166845913	936898688.00
2018/04/16	5.50	5.54	5.39	5.43	122227395	665620608.00
2018/04/17	5.42	5.50	5.38	5.39	102066502	556247296.00
2018/04/18	5.45	5.46	5.28	5.39	87021942	465972832.00
2018/04/19	5.37	5.47	5.35	5.40	86759698	469883104.00
2018/04/20	5.39	5.53	5.35	5.36	118176365	641584640.00
2018/04/23	5.39	5.41	5.17	5.23	107085990	562645696.00
2018/04/24	5.19	5.29	5.13	5.27	87153033	456895104.00
数据来源:通达信
