601881 中国银河 日线 不复权
      日期	    开盘	    最高	    最低	    收盘	    成交量	    成交额
2017/01/23	8.17	9.81	8.17	9.81	460605	4500167.00
2017/01/24	10.79	10.79	10.79	10.79	543559	5865002.00
2017/01/25	11.87	11.87	11.87	11.87	3411293	40492048.00
2017/01/26	12.12	12.56	11.71	11.82	250258326	3011690752.00
2017/02/03	11.40	11.46	10.94	10.99	137357355	1524197504.00
2017/02/06	10.92	11.16	10.89	11.09	95540887	1053024384.00
2017/02/07	11.02	11.02	10.73	10.77	101587980	1103797760.00
2017/02/08	10.72	11.60	10.56	11.44	181647143	2017168256.00
2017/02/09	11.19	11.56	11.14	11.22	154098285	1746576640.00
2017/02/10	11.16	12.34	11.13	12.01	247220421	2935568128.00
2017/02/13	11.85	12.48	11.80	12.21	197333737	2404384512.00
2017/02/14	12.20	13.39	12.10	12.83	188415520	2402167040.00
2017/02/15	12.60	13.39	12.43	12.90	186309304	2393880576.00
2017/02/16	12.70	14.19	12.61	14.19	258173091	3509339136.00
2017/02/17	14.40	15.61	13.90	13.94	319172035	4733039616.00
2017/02/20	13.51	14.13	13.33	13.94	182269350	2499167744.00
2017/02/21	13.90	14.37	13.55	13.72	142200201	1984682240.00
2017/02/22	13.60	13.67	13.25	13.40	100347216	1344697344.00
2017/02/23	13.40	13.72	13.29	13.62	95041851	1286012928.00
2017/02/24	13.51	13.77	13.36	13.65	74232257	1004518528.00
2017/02/27	13.60	13.64	13.20	13.27	68411207	918831872.00
2017/02/28	13.21	13.80	13.21	13.77	108163892	1473464576.00
2017/03/01	13.80	14.04	13.55	13.61	86146331	1183346048.00
2017/03/02	13.66	14.64	13.58	14.15	170174302	2427124480.00
2017/03/03	13.97	13.99	13.69	13.86	75143772	1039278848.00
2017/03/06	13.80	14.15	13.70	14.01	69916694	974714176.00
2017/03/07	13.99	14.17	13.78	14.15	72273183	1011420608.00
2017/03/08	14.12	14.14	13.82	13.92	59994170	837891072.00
2017/03/09	13.86	13.93	13.59	13.83	66501110	913326656.00
2017/03/10	13.73	13.89	13.25	13.31	62716029	851632256.00
2017/03/13	13.12	13.25	12.92	13.21	46814282	613373440.00
2017/03/14	13.18	13.45	13.17	13.22	40497808	538099456.00
2017/03/15	13.20	13.33	13.15	13.22	31571655	418008896.00
2017/03/16	13.32	14.54	13.31	14.54	168321330	2394729728.00
2017/03/17	15.30	15.58	14.05	14.11	239956612	3566685952.00
2017/03/20	14.10	14.22	13.75	13.96	97369774	1354514304.00
2017/03/21	13.82	14.07	13.76	13.99	71375349	995467712.00
2017/03/22	13.81	14.06	13.77	13.89	61256367	850334720.00
2017/03/23	13.85	14.78	13.84	14.25	118472361	1696371584.00
2017/03/24	14.09	14.66	13.93	14.50	110291061	1572560128.00
2017/03/27	14.52	15.20	14.36	14.64	137051254	2028596224.00
2017/03/28	14.49	14.70	14.35	14.56	70266763	1018060608.00
2017/03/29	14.55	14.55	13.20	13.53	104393966	1465791872.00
2017/03/30	13.30	13.47	13.12	13.17	65643256	872989120.00
2017/03/31	13.27	13.51	13.24	13.36	44069599	589815424.00
2017/04/05	13.31	13.79	12.96	13.75	60775106	817957120.00
2017/04/06	13.65	13.83	13.58	13.76	43850657	601206400.00
2017/04/07	13.71	13.84	13.54	13.56	42443406	579815552.00
2017/04/10	13.40	13.45	13.03	13.10	47904961	633619968.00
2017/04/11	13.06	13.50	12.97	13.42	53549349	707436480.00
2017/04/12	13.46	13.68	13.22	13.28	47285612	636538880.00
2017/04/13	13.19	13.47	13.16	13.33	28607855	380630592.00
2017/04/14	13.27	13.29	12.98	13.06	34545560	452122944.00
2017/04/17	12.75	12.84	12.49	12.56	33910000	428904672.00
2017/04/18	12.60	12.72	12.14	12.16	25010293	311366656.00
2017/04/19	12.15	12.29	12.01	12.23	28004732	341391136.00
2017/04/20	12.21	12.34	11.75	12.27	38628577	467113856.00
2017/04/21	12.20	12.29	12.12	12.21	16611047	202777760.00
2017/04/24	12.19	12.19	11.84	11.96	20181836	241657552.00
2017/04/25	12.03	12.13	11.90	11.90	19125480	230123376.00
2017/04/26	11.88	12.79	11.81	12.26	44063008	542793472.00
2017/04/27	12.15	12.45	11.96	12.38	41071289	502006784.00
2017/04/28	12.31	12.36	12.23	12.30	19893114	244666272.00
2017/05/02	12.25	12.37	12.21	12.34	17578998	215974064.00
2017/05/03	12.33	12.44	12.22	12.32	20279602	250071632.00
2017/05/04	12.27	12.36	12.03	12.11	23651188	288211808.00
2017/05/05	12.05	12.31	11.80	11.88	28948144	347955744.00
2017/05/08	11.70	11.79	11.39	11.40	22444299	261495216.00
2017/05/09	11.41	11.67	11.40	11.57	20619609	238112416.00
2017/05/10	11.54	12.15	11.50	11.61	43757542	516082432.00
2017/05/11	11.45	11.75	11.28	11.71	32369922	374137888.00
2017/05/12	11.62	11.98	11.60	11.80	32533808	384987328.00
2017/05/15	11.73	11.94	11.72	11.77	22704048	268164080.00
2017/05/16	11.73	11.95	11.51	11.94	29578126	348540192.00
2017/05/17	11.89	12.07	11.84	11.86	27475522	328063456.00
2017/05/18	11.70	11.78	11.47	11.51	23569298	274471936.00
2017/05/19	11.48	11.61	11.42	11.46	11664659	134125312.00
2017/05/22	11.46	11.46	10.90	10.91	23534342	262604640.00
2017/05/23	10.93	11.05	10.63	10.70	20069487	217677152.00
2017/05/24	10.70	10.95	10.63	10.89	15986209	173005840.00
2017/05/25	10.80	11.59	10.70	11.34	43964136	492136160.00
2017/05/26	11.25	11.37	11.12	11.13	21698666	243699056.00
2017/05/31	11.50	11.64	11.23	11.24	30501599	349515456.00
2017/06/01	11.27	11.88	11.22	11.59	60634831	702085952.00
2017/06/02	11.65	11.99	11.48	11.97	63523253	751236736.00
2017/06/05	11.87	11.99	11.75	11.93	34202311	405854112.00
2017/06/06	11.84	12.14	11.82	12.01	31966359	383112160.00
2017/06/07	12.03	12.34	11.94	12.13	45113727	548422400.00
2017/06/08	12.04	12.16	11.84	11.94	33217432	397710144.00
2017/06/09	11.90	12.13	11.84	11.95	30533991	366245856.00
2017/06/12	11.87	12.00	11.81	11.88	20220450	240529344.00
2017/06/13	11.84	12.16	11.84	12.01	21919267	263186944.00
2017/06/14	11.96	12.02	11.81	11.86	18353947	218395744.00
2017/06/15	11.86	12.19	11.86	12.01	31755085	382228832.00
2017/06/16	12.00	12.05	11.88	11.93	18099652	216264752.00
2017/06/19	11.92	12.32	11.89	12.24	42545861	519337504.00
2017/06/20	12.22	12.28	12.12	12.19	24588075	299313248.00
2017/06/21	12.32	12.35	11.97	12.09	30488663	370225888.00
2017/06/22	12.03	12.63	11.95	12.10	50622875	621914432.00
2017/06/23	11.98	12.05	11.80	11.97	27558115	328544960.00
2017/06/26	11.96	12.16	11.94	12.09	23435549	282732480.00
2017/06/27	12.14	12.15	12.05	12.08	16642981	201246448.00
2017/06/28	12.06	12.08	11.82	11.83	22108194	264017424.00
2017/06/29	11.81	11.90	11.80	11.83	14981910	177361040.00
2017/06/30	11.81	11.90	11.79	11.86	13429050	159153680.00
2017/07/03	11.86	11.97	11.81	11.93	12576056	149679696.00
2017/07/04	11.81	11.81	11.70	11.73	11739177	138027008.00
2017/07/05	11.74	11.93	11.72	11.92	20692201	244915088.00
2017/07/06	11.86	12.07	11.83	11.99	25393892	303179648.00
2017/07/07	11.91	12.29	11.84	12.15	28698075	345892096.00
2017/07/10	12.05	12.45	12.04	12.27	42707099	525467200.00
2017/07/11	12.29	12.42	12.08	12.12	30047226	368591008.00
2017/07/12	12.12	12.20	11.84	12.00	24724020	296500384.00
2017/07/13	11.94	12.30	11.94	12.29	31336144	381220928.00
2017/07/14	12.26	12.43	12.15	12.21	24905256	306149248.00
2017/07/17	12.18	12.26	10.99	11.39	38592980	450899648.00
2017/07/18	11.32	11.49	11.19	11.36	18814197	213288000.00
2017/07/19	11.31	12.06	11.26	12.03	40843815	479039488.00
2017/07/20	12.07	12.32	12.04	12.17	39721159	483614784.00
2017/07/21	12.10	12.26	11.96	12.01	27017491	326524128.00
2017/07/24	11.97	12.23	11.95	12.06	24613540	297660704.00
2017/07/25	12.05	12.10	11.75	11.81	24184954	287513536.00
2017/07/26	11.85	11.92	11.70	11.87	17435265	206023728.00
2017/07/27	11.82	12.19	11.60	11.98	33155901	394772064.00
2017/07/28	11.93	11.99	11.80	11.86	16916296	201084368.00
2017/07/31	11.83	12.06	11.78	11.95	22609976	269815904.00
2017/08/01	11.97	12.31	11.95	12.14	47273730	575234944.00
2017/08/02	12.14	13.34	12.07	13.08	120542313	1538914176.00
2017/08/03	12.91	13.24	12.71	12.84	76169900	986634752.00
2017/08/04	12.85	13.54	12.68	13.04	85795093	1127818496.00
2017/08/07	13.00	13.38	12.87	13.13	51732265	678191872.00
2017/08/08	13.00	13.46	12.71	13.32	62350298	815528576.00
2017/08/09	13.18	13.26	12.88	12.94	41526687	541978688.00
2017/08/10	12.80	13.50	12.78	13.06	54831683	720453696.00
2017/08/11	12.92	13.05	12.18	12.24	56654860	716762432.00
2017/08/14	12.35	12.52	12.18	12.48	30395853	376097088.00
2017/08/15	12.49	12.62	12.28	12.36	29050268	361970656.00
2017/08/16	12.38	12.64	12.25	12.50	29539698	368121600.00
2017/08/17	12.46	12.58	12.38	12.55	32799079	409680096.00
2017/08/18	12.42	12.47	12.20	12.32	30972948	381889600.00
2017/08/21	12.33	12.57	12.28	12.56	31909456	397510368.00
2017/08/22	12.52	12.67	12.41	12.51	28864288	362101888.00
2017/08/23	12.55	12.89	12.51	12.70	45191246	573657536.00
2017/08/24	12.65	12.69	12.36	12.38	29240374	365705792.00
2017/08/25	12.30	13.10	12.28	12.95	77951941	1001503616.00
2017/08/28	13.02	14.25	12.96	14.25	145892641	2017136256.00
2017/08/29	14.50	15.60	14.31	14.82	238180396	3514799872.00
2017/08/30	14.70	16.29	14.70	15.76	209904817	3273388288.00
2017/08/31	15.41	15.96	15.32	15.92	147571696	2303031040.00
2017/09/01	15.75	15.90	15.49	15.72	108378844	1699591680.00
2017/09/04	15.59	15.86	15.37	15.55	98855641	1540686464.00
2017/09/05	15.48	15.77	15.26	15.49	83175370	1289201024.00
2017/09/06	15.25	15.53	15.04	15.40	74488377	1137579008.00
2017/09/07	15.41	15.67	15.13	15.24	65722611	1011010688.00
2017/09/08	15.26	15.40	14.82	14.88	69481514	1052043328.00
2017/09/11	14.79	15.04	14.64	14.97	49228060	731902784.00
2017/09/12	14.94	15.45	14.84	14.98	93716556	1420834688.00
2017/09/13	14.97	15.08	14.66	15.06	54968721	819087552.00
2017/09/14	15.08	15.67	15.03	15.20	102689574	1576500608.00
2017/09/15	15.12	16.18	14.94	15.81	140681045	2213263616.00
2017/09/18	15.77	16.80	15.68	16.34	140615105	2280186624.00
2017/09/19	16.18	16.19	15.44	15.66	92965461	1469334528.00
2017/09/20	15.51	15.96	15.46	15.68	61914764	973017408.00
2017/09/21	15.58	15.99	15.17	15.29	74230590	1168026624.00
2017/09/22	15.05	15.15	14.58	14.67	73310267	1084763776.00
2017/09/25	14.61	14.79	14.51	14.55	34387809	503326176.00
2017/09/26	14.60	14.84	14.54	14.82	28297566	415696704.00
2017/09/27	14.78	14.95	14.73	14.88	35281797	524181600.00
2017/09/28	14.85	15.11	14.77	15.09	38399377	573998912.00
2017/09/29	15.08	15.69	15.05	15.64	66334807	1028108352.00
2017/10/09	16.20	16.35	15.34	15.40	56248946	880806976.00
2017/10/10	15.31	15.58	15.10	15.53	40729864	624751232.00
2017/10/11	15.44	15.48	15.15	15.17	34896648	532757568.00
2017/10/12	15.17	15.27	14.63	14.79	37262956	555588224.00
2017/10/13	14.85	15.04	14.70	14.99	24392737	363335392.00
2017/10/16	14.96	15.26	14.59	14.66	37638486	562965888.00
2017/10/17	14.58	14.70	14.31	14.44	28632593	414061344.00
2017/10/18	14.45	14.65	14.25	14.31	24967284	360841248.00
2017/10/19	14.28	14.37	13.40	13.64	37251280	515696736.00
2017/10/20	13.51	13.89	13.50	13.78	18766530	258245312.00
2017/10/23	13.79	13.84	13.56	13.78	15678190	214688448.00
2017/10/24	13.70	14.14	13.69	14.01	28218988	394708064.00
2017/10/25	14.01	14.07	13.81	13.98	22170090	308624128.00
2017/10/26	13.95	14.59	13.89	14.13	39127207	558485632.00
2017/10/27	14.02	14.26	13.65	13.78	26213817	365261120.00
2017/10/30	13.70	13.72	12.73	13.02	40369665	529233472.00
2017/10/31	12.95	13.10	12.74	13.02	24719554	320134496.00
2017/11/01	12.99	13.16	12.77	12.83	27213956	352747200.00
2017/11/02	12.75	13.18	12.54	12.89	32339962	416516768.00
2017/11/03	12.83	13.05	12.62	12.93	23907831	307140096.00
2017/11/06	12.85	12.98	12.75	12.97	17836540	229946944.00
2017/11/07	12.96	13.26	12.85	13.15	35422159	463884800.00
2017/11/08	13.09	13.89	13.05	13.40	59235667	797898624.00
2017/11/09	13.28	13.50	13.26	13.39	24548098	328042528.00
2017/11/10	13.42	13.69	13.25	13.48	36178454	487061408.00
2017/11/13	13.41	13.64	13.28	13.35	26524290	356599232.00
2017/11/14	13.36	13.37	12.94	12.98	31099328	406613920.00
2017/11/15	12.92	13.10	12.84	12.87	18746204	242622976.00
2017/11/16	12.89	12.95	12.58	12.60	20330308	259298176.00
2017/11/17	12.55	12.67	12.04	12.15	34624399	424943584.00
2017/11/20	11.90	12.20	11.78	12.17	17196677	206649552.00
2017/11/21	12.16	12.87	12.10	12.58	40680918	511779360.00
2017/11/22	12.53	12.71	12.34	12.42	28906057	361262144.00
2017/11/23	12.37	12.58	11.85	11.94	21307931	260907264.00
2017/11/24	11.93	12.08	11.82	11.91	16656277	198694144.00
2017/11/27	11.97	12.15	11.66	11.92	16687178	198301456.00
2017/11/28	11.86	12.02	11.78	12.01	14137512	168276384.00
2017/11/29	12.03	12.14	11.79	12.07	20793599	249003968.00
2017/11/30	11.97	12.18	11.88	11.93	18030449	216469072.00
2017/12/01	11.93	12.03	11.85	11.92	11618173	138793888.00
2017/12/04	11.82	11.92	11.25	11.28	25228815	291764288.00
2017/12/05	11.30	11.48	11.25	11.31	25890751	294236480.00
2017/12/06	11.29	11.46	11.26	11.45	12750730	144865472.00
2017/12/07	11.42	11.45	11.25	11.26	10505152	119212176.00
2017/12/08	11.31	11.39	11.15	11.20	19297081	217344816.00
2017/12/11	11.18	11.35	11.15	11.32	15368984	172902592.00
2017/12/12	11.33	11.36	11.07	11.08	12881939	144285968.00
2017/12/13	11.09	11.35	10.97	11.30	19983488	223640928.00
2017/12/14	11.27	11.29	10.98	11.11	24463979	271392576.00
2017/12/15	11.09	11.17	10.96	11.05	14789813	163611488.00
2017/12/18	11.00	11.10	10.97	11.04	9245316	101936296.00
2017/12/19	11.06	11.14	11.04	11.11	13443097	149137152.00
2017/12/20	11.10	11.12	10.76	10.89	17520377	191483328.00
2017/12/21	10.81	11.02	10.63	10.85	21210111	229828624.00
2017/12/22	10.82	10.91	10.68	10.72	11687812	126011624.00
2017/12/25	10.68	10.75	10.04	10.12	26636891	274629792.00
2017/12/26	10.14	10.36	10.11	10.28	16730370	171217856.00
2017/12/27	10.28	10.44	10.17	10.25	17521239	180118272.00
2017/12/28	10.21	10.81	10.18	10.56	38853298	411734528.00
2017/12/29	10.47	10.56	10.38	10.51	18661056	195188400.00
2018/01/02	10.50	10.71	10.49	10.60	16794141	177951200.00
2018/01/03	10.66	11.04	10.57	10.87	35707291	386969920.00
2018/01/04	10.78	10.89	10.70	10.82	19213293	207056464.00
2018/01/05	10.81	11.04	10.73	10.90	27120990	296248480.00
2018/01/08	10.85	11.20	10.71	11.03	33538162	368617984.00
2018/01/09	10.99	11.05	10.75	10.82	21475328	233390112.00
2018/01/10	10.82	10.94	10.68	10.74	20479672	221037808.00
2018/01/11	10.57	10.67	10.51	10.62	16914779	178950992.00
2018/01/12	10.61	10.72	10.45	10.48	14208366	150530128.00
2018/01/15	10.40	10.46	10.18	10.20	18294778	188630784.00
2018/01/16	10.15	10.79	10.15	10.75	23021383	240376400.00
2018/01/17	10.90	11.73	10.90	11.26	86017551	976501504.00
2018/01/18	11.18	11.39	11.01	11.19	41887222	469406368.00
2018/01/19	11.28	12.31	11.14	12.31	88000718	1053434240.00
2018/01/22	12.43	12.68	12.03	12.39	124043332	1537632256.00
2018/01/23	12.30	12.30	11.92	12.16	134612074	1625984256.00
2018/01/24	12.28	12.59	11.92	12.56	153215959	1884185088.00
2018/01/25	12.31	12.42	12.06	12.12	75851338	928594560.00
2018/01/26	12.03	12.25	11.96	12.04	47925764	581014144.00
2018/01/29	12.04	12.23	11.90	12.05	47388745	571398208.00
2018/01/30	12.03	12.60	11.98	12.39	83677828	1031118720.00
2018/01/31	12.21	12.35	11.39	11.68	70197152	834480640.00
2018/02/01	11.65	11.85	11.18	11.43	57085567	661037440.00
2018/02/02	11.27	11.52	11.02	11.41	33778084	381692128.00
2018/02/05	11.08	11.76	11.03	11.63	36314207	414761632.00
2018/02/06	11.28	11.49	10.47	10.59	55428867	612869248.00
2018/02/07	10.90	10.99	10.30	10.59	42200690	450747744.00
2018/02/08	10.53	10.78	10.49	10.67	25545533	272581536.00
2018/02/09	10.30	10.39	9.60	9.85	44293569	441698432.00
2018/02/12	9.92	9.98	9.70	9.89	24858493	245836064.00
2018/02/13	9.95	10.25	9.91	9.94	26517143	266812608.00
2018/02/14	9.90	9.96	9.69	9.78	18811946	184577696.00
2018/02/22	9.92	10.08	9.83	10.02	22059353	219709040.00
2018/02/23	10.01	10.21	9.95	10.06	24642119	248253040.00
2018/02/26	10.16	10.43	10.00	10.38	37540122	383665952.00
2018/02/27	10.31	10.35	10.19	10.25	27404992	280928832.00
2018/02/28	10.12	10.38	9.93	10.17	34714275	352028704.00
2018/03/01	10.03	10.26	10.03	10.21	23572705	239486544.00
2018/03/02	10.09	10.24	10.05	10.08	21938294	222348256.00
2018/03/05	10.09	10.20	10.06	10.10	15421207	155852608.00
2018/03/06	10.18	10.44	10.10	10.36	39020658	401044224.00
2018/03/07	10.30	10.39	10.15	10.18	25216816	258658240.00
2018/03/08	10.12	10.24	10.10	10.18	15282046	155379552.00
2018/03/09	10.18	10.42	10.13	10.39	40500470	417014752.00
2018/03/12	10.49	10.73	10.38	10.55	44973489	473337024.00
2018/03/13	10.48	10.50	10.29	10.32	26465200	274993440.00
2018/03/14	10.30	10.43	10.22	10.25	16383151	168819440.00
2018/03/15	10.23	10.24	9.97	10.10	21916422	221441280.00
2018/03/16	10.08	10.19	9.95	9.97	18173925	183116896.00
2018/03/19	9.97	10.10	9.96	10.02	14410574	144577360.00
2018/03/20	9.94	10.05	9.82	10.04	18849246	187167264.00
2018/03/21	10.04	10.38	10.02	10.09	37470776	383038272.00
2018/03/22	10.12	10.25	10.02	10.09	21997563	222476208.00
2018/03/23	9.70	10.12	9.60	10.09	57136443	562215424.00
2018/03/26	9.89	10.05	9.75	10.03	16217378	160776640.00
2018/03/27	10.15	10.33	10.13	10.28	28847531	295220768.00
2018/03/28	10.10	10.39	10.07	10.28	26740933	274825312.00
2018/03/29	10.26	10.58	10.17	10.40	39153654	407758304.00
2018/03/30	10.47	10.56	10.32	10.37	26149363	272014400.00
2018/04/02	10.42	10.65	10.31	10.41	32293797	338881056.00
2018/04/03	10.22	10.41	10.14	10.23	21471458	220247264.00
2018/04/04	10.28	10.49	10.18	10.19	23483854	242669024.00
2018/04/09	10.17	10.27	10.09	10.25	17713137	180645056.00
2018/04/10	10.32	11.18	10.31	10.80	61176649	654642624.00
2018/04/11	10.61	10.84	10.61	10.75	38784331	414981824.00
2018/04/12	10.65	11.05	10.63	10.71	36887387	399421792.00
2018/04/13	10.77	10.89	10.53	10.58	23907426	255434480.00
2018/04/16	10.51	10.55	10.29	10.30	23718279	246577008.00
2018/04/17	10.30	10.62	10.24	10.25	26415056	275891328.00
2018/04/18	10.42	10.49	10.22	10.46	22684381	235479584.00
2018/04/19	10.45	10.62	10.34	10.48	25431099	266634864.00
2018/04/20	10.44	10.48	9.98	10.00	30397874	309234496.00
2018/04/23	10.00	10.15	9.98	10.10	12258468	123238568.00
2018/04/24	10.13	10.40	10.11	10.31	22263890	228938736.00
数据来源:通达信
