601211 国泰君安 日线 不复权
      日期	    开盘	    最高	    最低	    收盘	    成交量	    成交额
2015/06/26	23.65	28.38	23.65	28.38	2068078	58507112.00
2015/06/29	31.22	31.22	29.18	31.22	314822959	9785779200.00
2015/06/30	30.68	34.34	29.18	34.34	521100333	16911142912.00
2015/07/01	36.00	37.30	34.03	34.82	529359013	19065214976.00
2015/07/02	35.80	35.88	31.35	31.42	355393487	11791880192.00
2015/07/03	30.01	33.30	28.31	29.60	331084330	9997440000.00
2015/07/06	32.56	32.56	29.80	31.95	429413048	13615750144.00
2015/07/07	30.00	30.90	28.76	28.76	281586305	8250119168.00
2015/07/08	25.88	25.88	25.88	25.88	42357000	1096199168.00
2015/07/09	23.29	28.47	23.29	28.47	388972328	10128113664.00
2015/07/10	28.50	31.32	28.47	31.32	367948230	11304574976.00
2015/07/13	31.50	33.98	30.38	32.82	448924415	14484165632.00
2015/07/14	31.35	32.25	29.95	30.38	342775697	10652792832.00
2015/07/15	29.56	30.38	27.34	27.34	245602814	6978577408.00
2015/07/16	26.55	28.75	25.70	27.64	168020729	4611822592.00
2015/07/17	27.65	29.88	27.33	29.36	194051415	5551299072.00
2015/07/20	29.00	29.26	28.00	28.37	169453853	4847215616.00
2015/07/21	27.89	29.58	27.51	28.71	175059549	5019340288.00
2015/07/22	28.78	29.50	28.49	28.64	147120763	4251913472.00
2015/07/23	28.68	29.98	28.51	29.59	214972726	6320928256.00
2015/07/24	29.78	29.86	28.17	28.41	185325662	5390726144.00
2015/07/27	27.50	27.97	25.57	25.57	170324334	4578846720.00
2015/07/28	24.24	28.13	23.48	27.72	316081336	8465604608.00
2015/07/29	27.50	27.77	26.20	27.69	128707389	3480672512.00
2015/07/30	27.10	28.11	26.50	26.66	127825539	3511815936.00
2015/07/31	26.18	27.13	25.80	26.38	85418695	2258887424.00
2015/08/03	25.95	26.45	25.18	26.22	78805348	2034841216.00
2015/08/04	26.22	27.27	25.91	27.12	107286061	2865471744.00
2015/08/05	26.80	27.00	26.18	26.22	73182269	1947307136.00
2015/08/06	25.78	26.55	25.58	25.77	50607688	1313193216.00
2015/08/07	25.76	26.49	25.76	26.09	73221538	1913697280.00
2015/08/10	26.21	28.08	25.88	27.54	195364517	5287095808.00
2015/08/11	27.19	27.64	26.90	26.99	125165670	3405112576.00
2015/08/12	26.78	27.73	26.65	26.87	99997312	2715741184.00
2015/08/13	26.87	27.30	26.38	27.05	80047102	2148165632.00
2015/08/14	27.23	27.46	26.91	27.08	94169968	2553032192.00
2015/08/17	26.98	27.06	26.02	26.43	87254809	2305845504.00
2015/08/18	26.58	27.50	24.10	24.56	145492636	3813621248.00
2015/08/19	24.09	25.10	23.69	25.07	98739100	2424804096.00
2015/08/20	24.80	24.90	24.00	24.08	64117804	1566978944.00
2015/08/21	23.72	24.04	23.00	23.16	77330902	1818172416.00
2015/08/24	22.01	22.49	20.84	20.84	106487442	2248943104.00
2015/08/25	19.25	20.17	18.76	18.76	132366486	2543343104.00
2015/08/26	19.28	20.25	18.20	18.95	131174682	2536609024.00
2015/08/27	19.51	20.29	18.80	20.24	112991330	2209278208.00
2015/08/28	20.30	21.27	19.90	21.14	138621921	2837386752.00
2015/08/31	21.00	21.00	19.70	19.99	103870160	2092843520.00
2015/09/01	19.90	20.89	18.76	19.67	87571757	1731038080.00
2015/09/02	18.88	20.08	18.50	18.71	79235932	1517296512.00
2015/09/07	19.02	19.72	18.80	18.94	72374740	1397174784.00
2015/09/08	18.90	20.08	18.76	19.98	72514839	1402205696.00
2015/09/09	19.99	20.97	19.82	20.51	131610084	2685351680.00
2015/09/10	20.13	20.27	19.71	19.82	66806457	1336550912.00
2015/09/11	19.79	20.06	19.48	19.66	45560459	900113728.00
2015/09/14	19.77	19.78	18.00	18.25	82426392	1547267584.00
2015/09/15	18.00	18.46	17.50	17.55	57417930	1029051968.00
2015/09/16	17.61	19.13	17.45	18.98	77897976	1423608064.00
2015/09/17	18.65	19.30	18.35	18.43	86785370	1638974720.00
2015/09/18	18.65	18.76	18.27	18.53	37715812	699215424.00
2015/09/21	18.10	18.96	18.00	18.89	47896542	890533632.00
2015/09/22	19.20	20.25	19.04	20.02	138227672	2747249920.00
2015/09/23	19.54	19.81	19.05	19.14	80560164	1563542144.00
2015/09/24	19.26	19.36	18.88	19.05	60586755	1157110528.00
2015/09/25	18.88	19.09	18.27	18.40	46731245	869595904.00
2015/09/28	18.43	18.79	18.11	18.76	31967748	592411008.00
2015/09/29	18.37	19.05	18.13	18.51	38340125	709853952.00
2015/09/30	18.55	18.99	18.48	18.60	34637041	648402496.00
2015/10/08	19.60	19.62	19.17	19.22	66136336	1280939392.00
2015/10/09	19.22	19.96	19.18	19.68	70670250	1385107072.00
2015/10/12	19.80	20.96	19.58	20.59	101042010	2063018880.00
2015/10/13	20.31	20.48	20.02	20.29	56074122	1135212672.00
2015/10/14	20.15	20.59	20.01	20.02	60897032	1234479104.00
2015/10/15	19.95	20.64	19.91	20.62	68827866	1401204352.00
2015/10/16	20.88	21.24	20.58	21.04	103258234	2166805504.00
2015/10/19	21.10	22.25	21.10	21.62	133888817	2907966976.00
2015/10/20	21.58	21.76	21.05	21.71	71069619	1525329536.00
2015/10/21	21.79	21.90	20.07	20.30	92566199	1960738944.00
2015/10/22	20.20	20.61	19.93	20.58	50896641	1033670528.00
2015/10/23	20.84	21.35	20.50	21.28	63911885	1337142272.00
2015/10/26	21.90	22.20	21.41	21.65	96725159	2118955264.00
2015/10/27	21.05	21.68	20.70	21.58	53282160	1125060992.00
2015/10/28	21.30	21.68	20.82	20.86	43581149	923779712.00
2015/10/29	20.85	21.10	20.59	20.81	31302287	653366656.00
2015/10/30	20.92	21.88	20.72	21.30	61147774	1306092416.00
2015/11/02	20.90	21.43	20.75	20.79	44098053	925482752.00
2015/11/03	20.79	21.07	20.66	20.82	29041477	606097600.00
2015/11/04	20.94	22.90	20.87	22.90	143868524	3197982208.00
2015/11/05	23.51	25.19	23.50	24.19	324735047	7981697536.00
2015/11/06	23.80	26.27	23.51	25.81	235266221	5889620480.00
2015/11/09	25.90	26.77	25.00	25.21	222833110	5757105664.00
2015/11/10	24.85	26.51	24.71	25.42	178713562	4576474112.00
2015/11/11	25.01	25.95	24.51	25.42	125391603	3148950528.00
2015/11/12	25.58	25.58	24.54	24.71	93865309	2343682048.00
2015/11/13	24.26	25.24	24.18	24.72	97282649	2403583744.00
2015/11/16	23.90	24.31	23.70	24.27	80814005	1937722368.00
2015/11/17	24.70	26.38	24.61	24.75	159068085	4044098816.00
2015/11/18	24.85	25.45	23.89	24.06	94097034	2328146176.00
2015/11/19	24.15	24.42	23.79	24.38	60825045	1464024064.00
2015/11/20	24.54	25.20	24.34	24.59	74997082	1855885440.00
2015/11/23	24.34	24.90	23.86	23.95	82196074	1998686592.00
2015/11/24	23.62	24.35	23.15	23.95	82713550	1957506048.00
2015/11/25	23.69	24.02	23.53	23.99	59038360	1404789120.00
2015/11/26	24.10	24.69	23.89	24.03	66318170	1610982144.00
2015/11/27	23.60	23.77	21.88	22.11	106273781	2421638656.00
2015/11/30	22.31	22.45	21.22	22.03	68203802	1495416704.00
2015/12/01	22.04	22.50	21.77	22.26	46113876	1022202816.00
2015/12/02	22.33	23.49	22.00	23.38	74602108	1705705984.00
2015/12/03	23.12	23.84	22.95	23.35	59664554	1394586496.00
2015/12/04	23.11	23.26	22.71	22.85	41290000	948086528.00
2015/12/07	23.14	23.50	22.92	23.24	42053838	977219072.00
2015/12/08	23.00	23.35	22.70	22.72	35306877	811877248.00
2015/12/09	22.61	23.24	22.54	22.96	32281599	740738816.00
2015/12/10	23.04	24.15	23.04	23.20	71599179	1690569216.00
2015/12/11	23.00	24.78	22.78	24.34	129200372	3102577664.00
2015/12/14	24.02	26.50	24.02	26.23	143651099	3622841856.00
2015/12/15	26.00	26.00	24.80	25.02	109062757	2769653760.00
2015/12/16	25.25	25.60	24.81	25.14	60847723	1533785728.00
2015/12/17	25.34	26.22	25.14	25.52	88844634	2282566912.00
2015/12/18	25.34	25.57	24.95	25.31	61260859	1544585984.00
2015/12/21	25.10	25.98	25.06	25.41	66882838	1711791232.00
2015/12/22	25.42	25.70	25.28	25.53	56022607	1426716288.00
2015/12/23	25.55	26.64	25.40	25.63	130799310	3408113408.00
2015/12/24	25.25	25.30	24.30	24.57	72062625	1785046784.00
2015/12/25	24.58	24.77	24.43	24.64	29310265	721213056.00
2015/12/28	24.79	24.96	23.70	23.76	52418117	1278131840.00
2015/12/29	23.72	24.15	23.72	24.00	33119086	792188608.00
2015/12/30	24.10	24.16	23.79	24.09	32562425	781572096.00
2015/12/31	24.03	24.28	23.84	23.90	28327896	681987520.00
2016/01/04	23.76	23.95	21.79	21.89	34332902	786743296.00
2016/01/05	21.30	22.20	21.01	21.78	53871207	1166644992.00
2016/01/06	21.88	22.44	21.68	22.29	36363343	802793536.00
2016/01/07	21.88	21.88	20.15	20.32	9478573	200957216.00
2016/01/08	20.60	21.65	20.03	21.04	61232871	1277085696.00
2016/01/11	20.45	20.78	19.45	19.60	49206555	993191616.00
2016/01/12	19.90	20.34	19.60	19.84	36980947	738483584.00
2016/01/13	20.10	20.24	19.60	19.67	34951911	697683776.00
2016/01/14	19.11	20.26	19.01	20.16	34590693	683459968.00
2016/01/15	20.02	20.10	19.20	19.31	34844048	685105024.00
2016/01/18	18.90	19.65	18.81	19.32	22412229	433041856.00
2016/01/19	19.35	20.00	19.05	19.86	38211275	752121664.00
2016/01/20	19.85	19.96	19.45	19.64	29206106	576065536.00
2016/01/21	19.33	19.85	18.85	18.89	28800855	556747712.00
2016/01/22	19.15	19.25	18.60	19.04	25033528	474830976.00
2016/01/25	19.13	19.34	19.01	19.12	17720361	339611136.00
2016/01/26	18.92	18.99	17.21	17.21	46616732	840915648.00
2016/01/27	17.30	17.45	16.25	16.84	67607757	1135013760.00
2016/01/28	16.66	17.27	16.48	16.54	44386647	747630592.00
2016/01/29	16.60	17.68	16.60	17.38	59335386	1025431808.00
2016/02/01	17.16	17.38	16.80	17.06	27338101	467521152.00
2016/02/02	17.06	17.65	17.06	17.48	33057110	576514944.00
2016/02/03	17.23	17.45	17.13	17.38	20356838	351315008.00
2016/02/04	17.47	17.85	17.45	17.69	27051730	478137440.00
2016/02/05	17.40	17.48	16.80	17.16	37770118	650177280.00
2016/02/15	16.58	17.03	16.45	16.93	27188877	455253824.00
2016/02/16	17.01	17.66	17.01	17.59	40818346	713352448.00
2016/02/17	17.51	17.66	17.37	17.62	44065496	771474752.00
2016/02/18	17.71	18.06	17.55	17.57	39040772	694989248.00
2016/02/19	17.51	17.65	17.39	17.54	23532586	412050336.00
2016/02/22	17.75	18.47	17.73	18.30	60801247	1102323840.00
2016/02/23	18.20	18.32	17.70	17.99	34426510	619992832.00
2016/02/24	17.91	18.13	17.68	18.12	25683572	460562304.00
2016/02/25	18.14	18.14	16.50	16.75	41423276	718055168.00
2016/02/26	16.99	17.09	16.51	16.90	26396969	445817248.00
2016/02/29	16.78	16.79	15.97	16.34	40767866	661460928.00
2016/03/01	16.42	17.50	16.30	16.91	40171744	672263488.00
2016/03/02	17.04	17.90	16.82	17.73	57271338	999625664.00
2016/03/03	17.77	17.85	17.50	17.63	42855412	758316928.00
2016/03/04	17.69	17.88	17.30	17.81	56211336	993302528.00
2016/03/07	18.07	18.30	17.87	18.02	39717807	718810048.00
2016/03/08	17.94	18.04	17.25	18.00	37799750	664495488.00
2016/03/09	17.65	17.80	17.38	17.77	31237335	549583040.00
2016/03/10	17.65	17.79	17.20	17.27	21080495	370239328.00
2016/03/11	17.14	17.54	17.00	17.44	31252576	539941376.00
2016/03/14	17.60	18.25	17.51	17.84	47274033	847933568.00
2016/03/15	17.76	17.85	17.47	17.68	27743485	489278976.00
2016/03/16	17.65	17.93	17.59	17.74	38948804	691607680.00
2016/03/17	17.80	18.43	17.74	18.20	53758676	973351424.00
2016/03/18	18.29	18.95	18.19	18.74	69581150	1298000768.00
2016/03/21	19.35	20.61	19.28	20.61	159444851	3228003840.00
2016/03/22	20.10	20.39	19.73	19.84	80386593	1608848896.00
2016/03/23	19.70	20.15	19.40	19.98	53330554	1052709568.00
2016/03/24	19.65	19.66	19.09	19.11	48288263	936270912.00
2016/03/25	19.03	19.43	19.02	19.36	30055567	578696576.00
2016/03/28	19.35	19.61	19.03	19.05	28824013	556924416.00
2016/03/29	19.13	19.26	18.70	18.85	28798190	547368832.00
2016/03/30	19.10	19.48	19.10	19.44	35814062	693561536.00
2016/03/31	19.52	20.13	19.40	19.71	48640416	959380416.00
2016/04/01	19.59	19.84	19.21	19.58	27676886	539558080.00
2016/04/05	19.45	20.02	19.45	19.80	37068940	733529728.00
2016/04/06	19.65	19.85	19.51	19.65	26060080	513121664.00
2016/04/07	19.75	19.82	19.17	19.19	25994208	504898336.00
2016/04/08	19.00	19.12	18.72	18.88	24558546	463651008.00
2016/04/11	19.53	19.90	19.46	19.52	48293919	948430208.00
2016/04/12	19.45	19.60	19.20	19.39	22459005	435209536.00
2016/04/13	19.54	20.42	19.53	19.94	77295967	1553531520.00
2016/04/14	20.07	20.11	19.81	20.00	23510107	468690592.00
2016/04/15	20.05	20.05	19.76	19.85	19311716	383332640.00
2016/04/18	19.68	19.69	19.26	19.31	23642222	458675584.00
2016/04/19	19.51	19.54	19.25	19.39	15130784	292920320.00
2016/04/20	19.43	19.47	18.50	19.06	41842104	790139264.00
2016/04/21	18.88	19.07	18.75	18.78	18261145	345397664.00
2016/04/22	18.66	18.98	18.59	18.91	14168790	267028656.00
2016/04/25	18.92	18.92	18.46	18.70	13972503	260463984.00
2016/04/26	18.75	18.94	18.59	18.87	13499336	253490944.00
2016/04/27	18.76	18.93	18.51	18.57	17595180	329263808.00
2016/04/28	18.66	18.68	18.21	18.31	22280791	409413568.00
2016/04/29	18.25	18.42	18.18	18.28	14601656	267207552.00
2016/05/03	18.32	18.78	18.22	18.63	34317772	637700160.00
2016/05/04	18.52	18.62	18.42	18.51	21085304	390597856.00
2016/05/05	18.50	18.56	18.42	18.51	15342654	284038016.00
2016/05/06	18.58	18.64	17.98	17.99	31158319	569996992.00
2016/05/09	17.83	17.83	17.34	17.41	25868267	453913888.00
2016/05/10	17.38	17.50	17.18	17.27	19602636	339873504.00
2016/05/11	17.44	17.45	17.22	17.29	15134809	262609664.00
2016/05/12	17.20	17.35	17.02	17.29	18959753	325661856.00
2016/05/13	17.28	17.45	17.08	17.17	13352131	230362112.00
2016/05/16	17.05	17.31	17.03	17.30	11113922	191036848.00
2016/05/17	17.35	17.56	17.22	17.40	15165267	263435920.00
2016/05/18	17.34	17.37	17.10	17.33	20636216	355946880.00
2016/05/19	17.24	17.39	17.17	17.24	12104231	209362144.00
2016/05/20	17.11	17.37	17.08	17.37	12892718	222566384.00
2016/05/23	17.37	17.56	17.33	17.41	16029706	279600992.00
2016/05/24	17.40	17.40	17.13	17.21	12931863	222694496.00
2016/05/25	17.29	17.45	17.20	17.22	12067432	209180176.00
2016/05/26	17.25	17.33	17.07	17.29	12871545	221053296.00
2016/05/27	17.22	17.36	17.17	17.23	9922364	171283408.00
2016/05/30	17.19	17.38	17.10	17.33	11444440	197470608.00
2016/05/31	17.30	18.45	17.30	18.39	61612836	1122870144.00
2016/06/01	18.40	18.46	18.14	18.26	40938381	748595328.00
2016/06/02	18.26	18.33	18.10	18.27	19011873	346576160.00
2016/06/03	18.28	18.45	18.15	18.32	25030243	458049376.00
2016/06/06	18.32	18.36	18.19	18.25	14398237	262840336.00
2016/06/07	18.31	18.42	18.22	18.34	19524091	357794656.00
2016/06/08	17.90	17.90	17.64	17.73	17598569	312334528.00
2016/06/13	17.62	17.62	16.85	16.89	24853057	430496512.00
2016/06/14	16.76	17.30	16.76	17.26	14957138	253690912.00
2016/06/15	16.87	17.66	16.82	17.42	23747181	412054720.00
2016/06/16	17.32	17.37	17.00	17.06	19508483	334506336.00
2016/06/17	16.96	17.42	16.96	17.30	23065095	398607616.00
2016/06/20	17.29	17.38	17.06	17.33	14615470	251544048.00
2016/06/21	17.34	18.12	17.34	17.41	32915284	583244800.00
2016/06/22	17.28	17.67	17.21	17.64	20470237	357392160.00
2016/06/23	17.60	17.66	17.29	17.48	17459973	304848768.00
2016/06/24	17.48	17.73	16.89	17.20	25651177	444602720.00
2016/06/27	17.09	17.27	17.05	17.25	68724692	1183840256.00
2016/06/28	17.13	17.50	16.96	17.30	69284706	1190193536.00
2016/06/29	17.35	17.57	17.31	17.36	57151688	994527552.00
2016/06/30	17.42	17.84	17.36	17.79	79679600	1407188992.00
2016/07/01	17.81	17.90	17.61	17.68	40853054	723675904.00
2016/07/04	17.56	18.37	17.52	18.13	74207256	1341016704.00
2016/07/05	18.15	18.20	17.90	18.09	38550835	697666688.00
2016/07/06	18.02	18.24	17.90	18.12	33170108	598588032.00
2016/07/07	18.09	18.18	17.87	18.06	33952221	611322560.00
2016/07/08	18.02	18.19	17.96	18.07	28517912	515476800.00
2016/07/11	18.10	18.40	18.04	18.07	39848104	726398016.00
2016/07/12	18.05	18.47	18.02	18.46	63694129	1164711552.00
2016/07/13	18.51	18.85	18.42	18.56	61454112	1145694208.00
2016/07/14	18.44	18.58	18.32	18.46	27940197	514808224.00
2016/07/15	18.48	18.55	18.24	18.33	28349156	520050176.00
2016/07/18	18.23	18.40	18.11	18.16	28668430	522926976.00
2016/07/19	18.19	18.29	18.05	18.26	26468651	481034816.00
2016/07/20	18.20	18.35	18.17	18.19	19471407	355486368.00
2016/07/21	18.17	18.41	18.17	18.28	29183143	534625024.00
2016/07/22	18.25	18.28	18.05	18.08	23468248	425554944.00
2016/07/25	18.05	18.21	18.02	18.13	16711235	303048032.00
2016/07/26	18.12	18.34	18.05	18.32	24315145	443623072.00
2016/07/27	18.30	18.32	17.46	17.82	60193014	1074271488.00
2016/07/28	17.71	17.88	17.54	17.77	31501693	558760704.00
2016/07/29	17.77	17.81	17.62	17.69	14948148	264859168.00
2016/08/01	17.68	17.74	17.36	17.49	18399883	322728352.00
2016/08/02	17.51	17.63	17.47	17.60	11604061	203743744.00
2016/08/03	17.59	17.62	17.51	17.59	11567003	203313168.00
2016/08/04	17.56	17.61	17.48	17.58	14341939	251727520.00
2016/08/05	17.56	17.78	17.52	17.64	22843329	402987616.00
2016/08/08	17.63	17.76	17.52	17.76	19705099	347982784.00
2016/08/09	17.72	17.92	17.71	17.88	19899205	354612736.00
2016/08/10	17.88	17.95	17.77	17.78	18042745	322294240.00
2016/08/11	17.83	18.09	17.78	17.83	34115397	611670592.00
2016/08/12	17.82	18.45	17.82	18.41	57049578	1036197632.00
2016/08/15	18.49	19.88	18.45	19.14	144335167	2755418368.00
2016/08/16	19.05	19.33	18.81	18.85	59423186	1129824640.00
2016/08/17	18.95	19.08	18.61	18.76	46487214	874667264.00
2016/08/18	18.68	18.86	18.50	18.60	42881033	798982080.00
2016/08/19	18.60	19.11	18.53	19.06	56233164	1056155712.00
2016/08/22	19.01	19.15	18.56	18.58	44573759	835738752.00
2016/08/23	18.50	18.74	18.30	18.41	33385957	617951744.00
2016/08/24	18.45	18.55	18.30	18.41	21506084	396724992.00
2016/08/25	18.33	18.54	18.27	18.49	30692838	565916480.00
2016/08/26	18.52	18.60	18.37	18.41	18734719	346611008.00
2016/08/29	18.34	18.46	18.32	18.40	17282025	317795488.00
2016/08/30	18.46	18.58	18.38	18.46	23675921	437093184.00
2016/08/31	18.46	18.69	18.38	18.59	24307915	450714080.00
2016/09/01	18.51	18.61	18.31	18.34	24272825	448572992.00
2016/09/02	18.33	18.60	18.25	18.49	25939029	477570560.00
2016/09/05	18.49	18.62	18.41	18.47	21813934	403833728.00
2016/09/06	18.49	18.53	18.27	18.47	24491584	450686656.00
2016/09/07	18.51	18.59	18.35	18.46	23071109	426678272.00
2016/09/08	18.41	18.51	18.38	18.44	13336200	246014240.00
2016/09/09	18.47	18.64	18.41	18.43	30119021	558416512.00
2016/09/12	18.08	18.18	17.86	18.13	40808312	736162368.00
2016/09/13	18.09	18.18	18.01	18.16	15442831	279471104.00
2016/09/14	18.07	18.28	18.00	18.08	36926465	670537600.00
2016/09/19	18.06	18.16	18.05	18.13	18156223	328545504.00
2016/09/20	18.13	18.15	17.98	18.03	11331898	204316160.00
2016/09/21	18.02	18.23	17.98	18.12	14990275	271478560.00
2016/09/22	18.21	18.24	18.11	18.14	14888262	270776256.00
2016/09/23	18.15	18.19	18.03	18.03	10098872	182835856.00
2016/09/26	17.97	17.99	17.50	17.56	39970434	706428352.00
2016/09/27	17.51	17.69	17.51	17.66	12674209	223251072.00
2016/09/28	17.68	17.68	17.49	17.55	15117710	265234768.00
2016/09/29	17.61	17.82	17.58	17.69	16132144	285730336.00
2016/09/30	17.62	17.76	17.62	17.74	9445978	167241520.00
2016/10/10	17.81	17.92	17.76	17.85	30331048	541110336.00
2016/10/11	17.87	17.87	17.78	17.82	27738159	494303296.00
2016/10/12	17.78	17.80	17.72	17.76	15860848	281655488.00
2016/10/13	17.76	17.82	17.73	17.76	18557066	329883744.00
2016/10/14	17.77	17.77	17.52	17.63	29110179	512909088.00
2016/10/17	17.65	17.65	17.39	17.41	32775693	574213184.00
2016/10/18	17.41	17.72	17.40	17.69	26609501	468003712.00
2016/10/19	17.71	17.76	17.61	17.64	17774395	314059520.00
2016/10/20	17.67	17.70	17.61	17.64	12630773	223043648.00
2016/10/21	17.65	17.87	17.63	17.77	29397736	521582048.00
2016/10/24	17.80	18.17	17.76	18.07	73084233	1316974720.00
2016/10/25	18.05	18.07	17.90	17.96	28945700	519644832.00
2016/10/26	17.96	18.02	17.80	17.83	24671636	441988928.00
2016/10/27	17.81	17.87	17.78	17.83	17794266	317132896.00
2016/10/28	17.97	18.28	17.89	17.92	46289355	836907072.00
2016/10/31	17.90	17.92	17.64	17.84	21356995	379253632.00
2016/11/01	17.83	18.05	17.80	18.04	24682424	443234976.00
2016/11/02	18.00	18.15	17.87	17.91	28510251	512688096.00
2016/11/03	17.85	18.44	17.82	18.22	80565795	1467418752.00
2016/11/04	18.19	18.35	18.03	18.14	46638584	847752256.00
2016/11/07	18.19	18.30	18.09	18.20	28569300	519369280.00
2016/11/08	18.30	18.37	18.14	18.21	34129120	622535872.00
2016/11/09	18.21	18.24	17.70	17.88	51958681	932885184.00
2016/11/10	18.04	18.31	18.01	18.21	51065144	928387136.00
2016/11/11	18.21	18.76	18.21	18.70	101863462	1888593920.00
2016/11/14	18.61	19.20	18.56	18.80	99337044	1877552768.00
2016/11/15	18.79	18.95	18.64	18.76	41940742	787728768.00
2016/11/16	18.80	18.85	18.65	18.79	36370855	681524992.00
2016/11/17	18.74	18.81	18.51	18.76	35699159	666421632.00
2016/11/18	18.65	18.72	18.49	18.52	34392614	640652288.00
2016/11/21	18.41	18.77	18.40	18.63	36124943	673343552.00
2016/11/22	18.71	19.03	18.70	18.99	62086520	1173573632.00
2016/11/23	19.00	19.17	18.77	18.85	43696683	829661888.00
2016/11/24	18.81	19.35	18.79	19.04	70360141	1345356032.00
2016/11/25	19.00	19.17	18.63	19.14	46306854	875616512.00
2016/11/28	19.27	19.37	19.07	19.12	58865960	1130394240.00
2016/11/29	19.09	19.98	18.90	19.71	133108156	2599591424.00
2016/11/30	19.55	20.69	19.52	19.91	145190074	2914656256.00
2016/12/01	19.85	20.18	19.64	20.14	89183179	1778876544.00
2016/12/02	20.02	20.12	19.50	19.52	83281426	1646626432.00
2016/12/05	19.22	19.48	19.03	19.19	67754407	1301842560.00
2016/12/06	19.21	19.53	19.14	19.29	56696647	1095889536.00
2016/12/07	19.32	19.42	19.15	19.29	44736192	861838336.00
2016/12/08	19.30	19.32	18.99	19.05	44219679	845748736.00
2016/12/09	19.01	19.69	18.95	19.61	97129492	1885141120.00
2016/12/12	19.63	19.80	19.11	19.37	115266211	2239263232.00
2016/12/13	19.20	19.74	19.16	19.67	59971677	1169834880.00
2016/12/14	19.69	19.77	19.43	19.59	56502306	1107305216.00
2016/12/15	19.56	19.69	18.75	18.88	82998107	1584989696.00
2016/12/16	18.72	18.96	18.69	18.84	36934245	695206720.00
2016/12/19	18.68	18.95	18.50	18.65	31560050	589842816.00
2016/12/20	18.65	18.80	18.57	18.76	30332542	566051328.00
2016/12/21	18.79	18.99	18.75	18.84	31762915	599080384.00
2016/12/22	18.84	18.85	18.55	18.77	25967166	485779648.00
2016/12/23	18.70	18.84	18.52	18.64	25676340	479098144.00
2016/12/26	18.46	18.77	18.29	18.70	27779194	515489024.00
2016/12/27	18.65	18.78	18.50	18.54	19904308	370733952.00
2016/12/28	18.56	18.64	18.40	18.49	17081203	316609568.00
2016/12/29	18.48	18.62	18.40	18.48	20167701	373310624.00
2016/12/30	18.41	18.65	18.41	18.59	19333129	358337984.00
2017/01/03	18.54	18.82	18.54	18.72	24332502	455407104.00
2017/01/04	18.72	18.80	18.62	18.79	20948938	392329504.00
2017/01/05	18.76	18.86	18.64	18.68	18707986	350343200.00
2017/01/06	18.65	18.71	18.51	18.52	19333339	359210752.00
2017/01/09	18.52	18.76	18.48	18.66	18779080	349709632.00
2017/01/10	18.63	18.83	18.60	18.64	16696824	312289120.00
2017/01/11	18.62	18.84	18.60	18.66	23337470	436956608.00
2017/01/12	18.65	18.87	18.63	18.75	29293207	549713856.00
2017/01/13	18.74	18.83	18.54	18.80	38235624	715801600.00
2017/01/16	18.73	19.09	18.28	18.98	82893703	1555185664.00
2017/01/17	18.82	18.90	18.66	18.86	18978938	356731840.00
2017/01/18	18.85	19.05	18.77	18.94	20680126	391848256.00
2017/01/19	18.89	19.20	18.82	19.01	23518202	447847456.00
2017/01/20	19.04	19.25	19.02	19.24	28669817	549012160.00
2017/01/23	19.27	19.28	19.04	19.13	30480971	583852352.00
2017/01/24	19.12	19.16	18.96	19.03	19747136	375571872.00
2017/01/25	19.00	19.12	18.95	19.04	19228120	365767232.00
2017/01/26	19.06	19.24	19.06	19.16	27556700	528111168.00
2017/02/03	19.17	19.21	18.93	18.97	14267966	271425536.00
2017/02/06	19.05	19.05	18.77	18.92	20523152	387653120.00
2017/02/07	18.89	18.93	18.71	18.77	21630054	406869760.00
2017/02/08	18.78	19.09	18.60	19.04	33962031	640672128.00
2017/02/09	18.96	19.17	18.93	19.07	31764825	605374208.00
2017/02/10	19.09	19.36	19.01	19.20	35676168	685083712.00
2017/02/13	19.25	19.46	19.16	19.21	40851625	788692672.00
2017/02/14	19.23	19.39	19.19	19.25	23628215	455233376.00
2017/02/15	19.25	19.50	19.09	19.14	40201065	775633984.00
2017/02/16	19.16	19.43	19.00	19.38	37453111	721478528.00
2017/02/17	19.48	19.87	19.22	19.25	73738232	1442894208.00
2017/02/20	19.17	19.55	19.13	19.54	46435596	898151680.00
2017/02/21	19.55	19.84	19.42	19.49	52802763	1035001984.00
2017/02/22	19.47	19.54	19.27	19.42	31291377	606506496.00
2017/02/23	19.43	19.45	19.20	19.32	26170739	505006560.00
2017/02/24	19.28	19.36	19.21	19.35	20644824	398036384.00
2017/02/27	19.35	19.35	19.09	19.12	25762375	494213568.00
2017/02/28	19.10	19.23	19.10	19.14	16598252	317980000.00
2017/03/01	19.12	19.24	19.10	19.14	23357774	447616640.00
2017/03/02	19.20	19.38	19.03	19.04	38108130	731479488.00
2017/03/03	19.00	19.00	18.80	18.93	29353077	553834944.00
2017/03/06	18.85	18.97	18.76	18.93	31043392	586085824.00
2017/03/07	18.91	18.95	18.83	18.93	18613393	351741312.00
2017/03/08	18.92	18.98	18.83	18.88	17143287	323893856.00
2017/03/09	18.85	18.87	18.65	18.84	26162858	490598176.00
2017/03/10	18.77	18.82	18.70	18.72	13201308	247538000.00
2017/03/13	18.70	18.85	18.61	18.84	18538641	347726944.00
2017/03/14	18.83	18.92	18.78	18.85	17446951	328899264.00
2017/03/15	18.85	18.85	18.73	18.81	16455224	309211136.00
2017/03/16	18.83	19.20	18.83	19.18	53262346	1017994176.00
2017/03/17	19.22	19.26	18.76	18.79	39460715	752017856.00
2017/03/20	18.79	18.84	18.62	18.73	30290922	567048256.00
2017/03/21	18.73	18.79	18.65	18.74	20619870	385886080.00
2017/03/22	18.68	18.69	18.41	18.47	32483388	601827776.00
2017/03/23	18.48	18.68	18.39	18.56	21961600	407880032.00
2017/03/24	18.52	18.86	18.52	18.79	26882090	502267680.00
2017/03/27	18.80	18.97	18.77	18.88	25992355	490151360.00
2017/03/28	18.80	18.86	18.69	18.74	19474305	365182944.00
2017/03/29	18.35	18.40	18.11	18.14	23095692	422155616.00
2017/03/30	18.19	18.31	18.07	18.15	25202457	458576992.00
2017/03/31	18.20	18.26	18.12	18.25	17202848	312698688.00
2017/04/05	18.16	18.53	18.16	18.48	33081426	608709248.00
2017/04/06	18.45	18.62	18.44	18.54	25334327	470054464.00
2017/04/07	18.52	18.72	18.47	18.62	25188878	468388608.00
2017/04/10	18.67	18.72	18.43	18.48	20847830	386926880.00
2017/04/11	18.48	18.55	18.20	18.51	24221792	445362240.00
2017/04/12	18.52	18.81	18.44	18.60	40844686	761962112.00
2017/04/13	18.55	18.65	18.46	18.53	15107938	279927552.00
2017/04/14	18.50	18.57	18.19	18.36	26476586	484693248.00
2017/04/17	18.23	18.36	18.11	18.30	19811252	361019424.00
2017/04/18	18.23	18.28	18.10	18.11	14618725	266011168.00
2017/04/19	18.02	18.12	17.76	18.09	25247554	452964544.00
2017/04/20	18.02	18.18	17.87	18.15	18121004	326608576.00
2017/04/21	18.09	18.35	18.02	18.33	19608846	356441056.00
2017/04/24	18.25	18.45	18.03	18.44	33377900	609649984.00
2017/04/25	18.35	18.46	18.18	18.19	15782318	288366112.00
2017/04/26	18.18	18.41	18.08	18.22	16048903	293065504.00
2017/04/27	18.18	18.24	18.07	18.20	15085059	273850592.00
2017/04/28	18.20	18.28	18.07	18.20	15058168	273454240.00
2017/05/02	18.20	18.20	17.93	17.96	17457376	315110368.00
2017/05/03	17.96	18.03	17.76	17.90	16515257	295087712.00
2017/05/04	17.88	17.93	17.76	17.90	16594860	296313728.00
2017/05/05	17.83	17.91	17.45	17.86	49914167	883831296.00
2017/05/08	17.70	17.97	17.46	17.95	55587407	988757952.00
2017/05/09	17.82	17.89	17.73	17.81	15178435	270129952.00
2017/05/10	17.82	17.85	17.61	17.74	21355991	378756000.00
2017/05/11	17.65	17.92	17.55	17.85	33238332	590351232.00
2017/05/12	17.85	18.10	17.82	17.88	21878291	392823392.00
2017/05/15	17.93	18.15	17.91	18.10	23795648	430016544.00
2017/05/16	18.01	18.14	17.95	18.13	17009893	307065984.00
2017/05/17	18.13	18.28	18.06	18.10	18627275	338461984.00
2017/05/18	18.00	18.15	17.86	17.97	13714178	246555552.00
2017/05/19	17.93	18.09	17.91	18.06	10489714	188813152.00
2017/05/22	17.99	18.15	17.72	18.13	24312030	436649344.00
2017/05/23	18.05	18.41	18.02	18.40	42931435	783033664.00
2017/05/24	18.31	18.58	18.25	18.50	25000182	460281760.00
2017/05/25	18.40	19.18	18.40	18.99	57858334	1091024000.00
2017/05/26	18.88	19.18	18.88	19.01	42136482	802405120.00
2017/05/31	19.12	19.30	18.98	19.26	46676845	895300224.00
2017/06/01	19.20	19.50	18.97	19.46	68244693	1318938880.00
2017/06/02	19.37	19.43	19.07	19.14	32035611	617089664.00
2017/06/05	19.15	19.23	18.98	19.12	20373966	388866144.00
2017/06/06	19.14	19.23	19.05	19.19	17863402	341778528.00
2017/06/07	19.19	19.43	19.13	19.36	25427126	491290304.00
2017/06/08	19.36	19.46	19.24	19.36	19404317	375447136.00
2017/06/09	19.32	19.55	19.01	19.25	35422860	682361088.00
2017/06/12	19.10	19.33	19.04	19.27	24980650	480196800.00
2017/06/13	19.23	19.41	19.08	19.25	23209315	446755424.00
2017/06/14	19.25	19.33	19.10	19.25	17061334	327850720.00
2017/06/15	19.25	19.48	19.20	19.34	21012464	405961056.00
2017/06/16	19.37	19.51	19.15	19.22	19857216	384226688.00
2017/06/19	19.13	19.86	19.13	19.85	47363752	932286336.00
2017/06/20	19.96	20.16	19.72	19.86	44627507	889339904.00
2017/06/21	20.15	20.29	19.65	19.85	43277511	860641664.00
2017/06/22	19.75	20.24	19.72	19.90	54631930	1094813440.00
2017/06/23	19.80	20.06	19.61	19.89	42101043	834822528.00
2017/06/26	19.92	20.55	19.88	20.50	67118339	1361317248.00
2017/06/27	20.48	20.65	20.33	20.46	38257277	782964800.00
2017/06/28	20.40	20.75	20.35	20.47	42812582	880041280.00
2017/06/29	20.42	20.50	20.15	20.39	25090420	509765056.00
2017/06/30	20.26	20.59	20.18	20.51	26716961	544404096.00
2017/07/03	20.44	20.49	20.00	20.28	42463376	859700992.00
2017/07/04	20.20	20.39	19.99	20.27	31346107	632919232.00
2017/07/05	20.20	20.25	19.96	20.15	40248981	808372672.00
2017/07/06	20.10	20.20	19.84	20.11	43454054	869297344.00
2017/07/07	20.01	20.48	19.86	20.31	40473874	815640384.00
2017/07/10	20.25	20.68	20.16	20.31	35425840	723899328.00
2017/07/11	20.30	21.08	20.30	20.72	62824289	1305701120.00
2017/07/12	20.72	20.96	20.51	20.72	44634090	924257792.00
2017/07/13	20.68	21.05	20.57	20.98	45076104	939552512.00
2017/07/14	20.91	21.22	20.90	21.19	43339030	913867584.00
2017/07/17	21.20	21.59	20.41	20.75	70244589	1470709888.00
2017/07/18	20.57	20.67	20.09	20.35	51920584	1055249472.00
2017/07/19	20.25	21.48	20.19	21.44	79733074	1667036160.00
2017/07/20	21.44	21.59	21.12	21.34	61230424	1307461504.00
2017/07/21	21.25	21.43	21.09	21.21	31563018	670860352.00
2017/07/24	21.05	21.29	20.90	20.91	38369782	809306368.00
2017/07/25	20.87	21.03	20.73	20.79	29909202	624442816.00
2017/07/26	20.80	20.97	20.70	20.94	29854008	622446080.00
2017/07/27	20.93	21.07	20.51	21.01	47432756	987006528.00
2017/07/28	20.94	21.01	20.78	20.80	18821554	393073344.00
2017/07/31	20.73	21.00	20.55	20.89	32114854	667581120.00
2017/08/01	20.87	21.27	20.87	21.04	38319361	807381568.00
2017/08/02	21.12	21.49	21.03	21.22	50605398	1074914432.00
2017/08/03	21.22	21.44	20.89	20.90	35514226	752745984.00
2017/08/04	20.84	21.35	20.70	20.90	36932533	777494080.00
2017/08/07	20.80	20.81	20.10	20.14	48582485	988872000.00
2017/08/08	20.10	20.33	19.95	20.21	28249440	568932480.00
2017/08/09	20.17	20.17	19.73	19.80	35406764	703276032.00
2017/08/10	19.75	20.00	19.60	19.93	27983563	555888192.00
2017/08/11	19.80	20.04	19.56	19.94	35843440	711478144.00
2017/08/14	19.88	20.17	19.74	20.10	26155755	521825504.00
2017/08/15	20.10	20.21	19.90	19.95	18352767	367744960.00
2017/08/16	19.96	20.06	19.82	19.87	11866821	236690672.00
2017/08/17	19.84	20.23	19.83	20.15	22645578	453680320.00
2017/08/18	20.03	20.17	19.70	19.75	30836710	611731328.00
2017/08/21	19.75	19.92	19.75	19.88	19757196	392343040.00
2017/08/22	19.88	20.02	19.75	19.83	18264779	362769216.00
2017/08/23	19.85	20.30	19.82	20.07	32939593	660557568.00
2017/08/24	20.05	20.22	19.85	19.89	14438937	289035200.00
2017/08/25	19.81	20.54	19.80	20.46	48256702	980694208.00
2017/08/28	20.80	21.95	20.78	21.73	103668459	2238201344.00
2017/08/29	21.61	21.80	21.36	21.47	54216501	1168364672.00
2017/08/30	21.51	21.91	21.25	21.35	51408849	1110285824.00
2017/08/31	21.41	21.62	21.30	21.58	35260117	757137920.00
2017/09/01	21.60	21.85	21.46	21.71	53046672	1150579072.00
2017/09/04	21.73	21.75	21.45	21.53	28020996	604198976.00
2017/09/05	21.50	21.65	21.45	21.50	24760759	533512128.00
2017/09/06	21.45	21.64	21.37	21.53	20783099	446672480.00
2017/09/07	21.52	21.68	21.08	21.09	31686962	676909184.00
2017/09/08	21.12	21.18	20.84	20.95	30608881	641510848.00
2017/09/11	20.97	21.13	20.84	21.02	20150386	423460128.00
2017/09/12	21.06	21.58	21.03	21.21	44288956	943515584.00
2017/09/13	21.18	21.35	21.13	21.17	17218478	365555808.00
2017/09/14	21.12	21.50	21.10	21.16	22679963	482910848.00
2017/09/15	21.15	21.37	21.04	21.21	22939156	486481248.00
2017/09/18	21.29	21.59	21.27	21.49	29962685	643409472.00
2017/09/19	21.52	21.56	20.99	21.15	26524750	565677760.00
2017/09/20	21.11	21.46	21.09	21.41	21487221	458065120.00
2017/09/21	21.36	21.95	21.36	21.53	46191093	1002827456.00
2017/09/22	21.52	21.87	21.44	21.81	34521679	747601216.00
2017/09/25	21.67	21.85	21.30	21.81	48847594	1056243200.00
2017/09/26	21.67	21.80	21.58	21.71	25336627	550308544.00
2017/09/27	21.62	21.77	21.40	21.41	19344072	417464672.00
2017/09/28	21.41	21.47	21.21	21.43	21056477	448645312.00
2017/09/29	21.40	21.80	21.35	21.63	28185574	609951680.00
2017/10/09	22.10	22.23	21.50	21.56	32142948	701387328.00
2017/10/10	21.57	21.67	21.14	21.34	31312958	669034048.00
2017/10/11	21.37	21.54	21.21	21.37	20795478	444519744.00
2017/10/12	21.37	21.53	21.16	21.24	18524593	394752992.00
2017/10/13	21.24	21.34	21.19	21.23	11361875	241502320.00
2017/10/16	21.21	21.47	21.15	21.21	16178339	344440576.00
2017/10/17	21.17	21.27	20.99	21.01	14093700	297297632.00
2017/10/18	21.00	21.33	20.98	21.30	23331320	493697632.00
2017/10/19	21.19	21.26	20.59	21.19	33601859	705078912.00
2017/10/20	21.00	21.02	20.82	20.86	13169595	275619840.00
2017/10/23	20.85	20.88	20.63	20.67	9992767	206927904.00
2017/10/24	20.64	21.00	20.63	20.91	21251824	444272288.00
2017/10/25	20.92	20.97	20.72	20.90	12309969	256959296.00
2017/10/26	20.91	21.09	20.75	20.79	25910506	540277056.00
2017/10/27	20.82	20.87	20.45	20.47	20096336	414521024.00
2017/10/30	20.46	20.55	19.76	20.17	40758019	816958720.00
2017/10/31	20.02	20.06	19.85	19.94	16672923	332547616.00
2017/11/01	20.00	20.11	19.80	19.84	15435493	308375040.00
2017/11/02	19.81	20.04	19.61	19.88	19767747	391890624.00
2017/11/03	19.88	20.00	19.64	19.96	19776125	392088672.00
2017/11/06	19.92	19.99	19.87	19.99	10317233	205737024.00
2017/11/07	19.99	20.29	19.90	20.18	21602402	434727712.00
2017/11/08	20.18	20.84	20.08	20.43	40360255	826889728.00
2017/11/09	20.35	20.50	20.23	20.37	16932703	344648480.00
2017/11/10	20.38	20.42	20.12	20.28	17956917	364262080.00
2017/11/13	20.30	20.68	20.18	20.21	21161704	431656384.00
2017/11/14	20.28	20.38	19.98	20.04	15420224	309956416.00
2017/11/15	20.01	20.15	19.85	19.99	22256981	445426272.00
2017/11/16	19.91	20.00	19.68	19.70	16141439	320293216.00
2017/11/17	19.69	20.35	19.58	20.32	51334004	1026771648.00
2017/11/20	20.15	20.32	19.90	20.21	28759949	579161728.00
2017/11/21	20.20	21.18	20.13	20.76	61612871	1284744320.00
2017/11/22	20.70	21.07	20.59	20.86	43770956	913304320.00
2017/11/23	20.83	21.06	19.99	20.32	37647253	776835456.00
2017/11/24	20.32	20.43	19.92	20.37	35124168	709317760.00
2017/11/27	20.31	20.48	20.02	20.41	25931817	526535488.00
2017/11/28	20.40	20.47	20.13	20.40	12712070	258085600.00
2017/11/29	20.33	20.43	19.92	20.23	17765103	358212704.00
2017/11/30	20.19	20.53	20.06	20.22	26068379	529334880.00
2017/12/01	20.29	20.29	19.96	20.18	21434374	430710336.00
2017/12/04	20.01	20.10	19.75	19.97	27397560	546392832.00
2017/12/05	19.97	20.57	19.87	20.43	80885042	1636888192.00
2017/12/06	20.31	20.37	20.16	20.32	25964567	526629312.00
2017/12/07	20.31	20.38	19.95	20.20	18207771	366043008.00
2017/12/08	20.11	20.23	19.96	20.00	19731786	396037728.00
2017/12/11	19.95	19.99	19.76	19.97	23119852	459182048.00
2017/12/12	19.93	19.93	19.58	19.59	19235791	379291680.00
2017/12/13	19.60	19.68	19.30	19.40	27539254	535356928.00
2017/12/14	19.40	19.44	18.99	19.12	24110627	461611040.00
2017/12/15	19.09	19.20	19.03	19.07	14846564	283525088.00
2017/12/18	19.17	19.19	18.97	19.11	11165380	212952976.00
2017/12/19	19.10	19.20	19.08	19.12	11178791	213875712.00
2017/12/20	19.18	19.18	18.77	19.07	22073866	418892512.00
2017/12/21	18.97	19.20	18.83	19.08	13787281	263108208.00
2017/12/22	19.01	19.12	18.86	18.88	11311436	214787728.00
2017/12/25	18.85	18.98	18.55	18.60	16006199	299397952.00
2017/12/26	18.60	18.81	18.59	18.78	9507453	178065696.00
2017/12/27	18.74	18.82	18.53	18.63	15069240	281090528.00
2017/12/28	18.60	18.93	18.56	18.64	16008974	299601440.00
2017/12/29	18.66	18.76	18.44	18.52	17466979	324064288.00
2018/01/02	18.53	18.75	18.47	18.73	29548541	550520000.00
2018/01/03	18.73	19.24	18.67	19.18	37933368	720488256.00
2018/01/04	19.14	19.19	19.02	19.10	17342893	331210816.00
2018/01/05	19.10	19.30	19.02	19.12	18445888	353278144.00
2018/01/08	19.18	19.78	19.07	19.46	41931952	816526464.00
2018/01/09	19.41	19.74	19.28	19.30	26771861	521039776.00
2018/01/10	19.34	19.40	19.00	19.16	29051739	557062400.00
2018/01/11	19.12	19.22	19.03	19.17	11109384	212460912.00
2018/01/12	19.16	19.45	19.13	19.15	19599401	377552000.00
2018/01/15	19.11	19.23	18.81	18.86	27911366	530416960.00
2018/01/16	18.81	19.31	18.76	19.26	28212447	534022208.00
2018/01/17	19.39	20.22	19.38	19.70	76659087	1522593024.00
2018/01/18	19.80	20.06	19.65	19.94	39347728	782715328.00
2018/01/19	20.05	20.76	19.94	20.42	68561689	1399874048.00
2018/01/22	20.37	20.75	20.16	20.43	44429662	906017600.00
2018/01/23	20.46	20.80	20.35	20.71	46817605	964085824.00
2018/01/24	20.76	21.51	20.43	21.38	96073607	2026741632.00
2018/01/25	21.16	21.21	20.81	20.87	41976150	883363968.00
2018/01/26	20.86	21.03	20.74	20.76	31932718	666739200.00
2018/01/29	20.80	20.95	20.28	20.37	39397293	811829824.00
2018/01/30	20.38	20.53	20.03	20.04	28809804	583341376.00
2018/01/31	20.05	20.25	19.88	20.07	32547350	653170304.00
2018/02/01	20.15	20.37	19.75	20.33	51587396	1035844224.00
2018/02/02	20.13	20.25	19.77	20.12	25632506	513340224.00
2018/02/05	19.85	20.30	19.80	20.23	23753510	475053792.00
2018/02/06	19.85	20.25	19.52	19.55	61574880	1229339904.00
2018/02/07	19.79	20.00	19.17	19.20	34246241	673238336.00
2018/02/08	19.17	19.49	18.92	19.01	26578994	509630272.00
2018/02/09	18.65	18.80	17.29	17.41	48132166	857663104.00
2018/02/12	17.51	17.59	17.07	17.19	39340700	678398656.00
2018/02/13	17.32	17.70	17.32	17.47	27289454	478042496.00
2018/02/14	17.52	17.60	17.31	17.58	12693155	221357472.00
2018/02/22	17.77	17.83	17.50	17.61	31336700	552991360.00
2018/02/23	17.67	17.85	17.56	17.75	23124091	409764704.00
2018/02/26	17.95	18.46	17.80	18.34	33407555	604516032.00
2018/02/27	18.35	18.35	17.96	17.98	22690739	411375040.00
2018/02/28	17.90	18.18	17.74	17.84	21073194	377566432.00
2018/03/01	17.76	17.99	17.72	17.89	15383930	275011712.00
2018/03/02	17.71	17.91	17.65	17.73	14103354	250859200.00
2018/03/05	17.72	17.87	17.62	17.69	11594543	205292080.00
2018/03/06	17.81	18.08	17.69	18.02	22655756	405419520.00
2018/03/07	17.98	18.11	17.78	17.82	17704709	317826208.00
2018/03/08	17.90	17.95	17.79	17.90	9084865	162353520.00
2018/03/09	17.93	18.27	17.88	18.19	22148477	400727712.00
2018/03/12	18.30	18.54	18.19	18.45	23928459	440206016.00
2018/03/13	18.47	18.48	18.04	18.05	18193195	331783904.00
2018/03/14	18.01	18.14	17.96	18.00	11968419	215934528.00
2018/03/15	17.96	18.05	17.87	18.02	10410831	187044368.00
2018/03/16	18.01	18.12	17.66	17.67	17447829	312066560.00
2018/03/19	17.67	17.83	17.61	17.73	10671543	189142528.00
2018/03/20	17.61	17.84	17.61	17.72	11990122	212092208.00
2018/03/21	17.78	18.12	17.70	17.74	19727010	353610496.00
2018/03/22	17.77	18.00	17.62	17.66	13318610	236793680.00
2018/03/23	17.25	17.27	16.51	16.67	40181270	679543296.00
2018/03/26	16.59	16.87	16.42	16.83	19180976	319633792.00
2018/03/27	17.05	17.16	16.90	17.04	20922226	356374464.00
2018/03/28	16.85	17.08	16.78	16.78	17028379	287323520.00
2018/03/29	16.87	17.09	16.68	17.09	21769436	369149760.00
2018/03/30	17.15	17.19	16.97	17.06	18009332	307509952.00
2018/04/02	17.12	17.46	17.03	17.19	20856215	360221888.00
2018/04/03	17.05	17.35	16.88	17.19	16577268	283852288.00
2018/04/04	17.20	17.44	17.10	17.11	16979765	293382272.00
2018/04/09	17.09	17.32	16.99	17.25	14757183	253626144.00
2018/04/10	17.28	17.60	17.19	17.59	20568706	359014432.00
2018/04/11	17.53	17.70	17.48	17.57	17409516	306246976.00
2018/04/12	17.56	17.74	17.45	17.47	12639779	222456304.00
2018/04/13	17.49	17.66	17.31	17.32	9408702	164501552.00
2018/04/16	17.32	17.46	17.03	17.04	17488928	302051520.00
2018/04/17	17.10	17.74	17.10	17.34	25422199	443727616.00
2018/04/18	17.60	17.75	17.40	17.60	23721695	417281312.00
2018/04/19	17.65	17.77	17.53	17.65	17718774	312862464.00
2018/04/20	17.55	17.63	16.99	17.02	19835248	342912896.00
2018/04/23	17.01	17.47	17.01	17.44	14571420	252693760.00
2018/04/24	17.36	17.82	17.36	17.79	20107898	355747584.00
数据来源:通达信
