601669 中国电建 日线 不复权
      日期	    开盘	    最高	    最低	    收盘	    成交量	    成交额
2011/10/18	4.78	6.23	4.72	5.27	1409339021	7049784832.00
2011/10/19	5.09	5.14	4.75	4.86	738834865	3655982592.00
2011/10/20	4.76	4.82	4.45	4.52	483183704	2215001856.00
2011/10/21	4.56	4.62	4.48	4.53	253867384	1156028672.00
2011/10/24	4.55	4.67	4.26	4.57	339496641	1507523712.00
2011/10/25	4.48	5.03	4.44	4.81	463473869	2201958912.00
2011/10/26	4.77	5.13	4.77	4.93	374647261	1847709824.00
2011/10/27	4.92	5.01	4.85	4.96	186583302	918040896.00
2011/10/28	5.04	5.18	4.92	4.97	218858481	1098185728.00
2011/10/31	4.95	5.08	4.84	5.06	196341938	976386560.00
2011/11/01	5.00	5.27	4.97	5.09	284853182	1461280768.00
2011/11/02	4.96	5.30	4.93	5.26	218048710	1111580032.00
2011/11/03	5.24	5.49	5.11	5.13	296750172	1574332160.00
2011/11/04	5.18	5.26	5.11	5.16	126444836	654151488.00
2011/11/07	5.13	5.20	5.07	5.11	109407011	561158208.00
2011/11/08	5.10	5.19	5.07	5.09	92631759	474734400.00
2011/11/09	5.13	5.14	4.90	5.11	148234921	748051904.00
2011/11/10	5.01	5.05	4.91	4.92	114524928	569857536.00
2011/11/11	4.93	4.95	4.78	4.84	110497570	537845504.00
2011/11/14	4.89	4.98	4.86	4.97	97851831	482647904.00
2011/11/15	4.94	4.97	4.88	4.92	53982486	265489008.00
2011/11/16	4.90	4.92	4.70	4.73	111819310	537366592.00
2011/11/17	4.71	4.75	4.61	4.69	84550335	395105120.00
2011/11/18	4.62	4.68	4.59	4.60	64616450	298606240.00
2011/11/21	4.61	4.67	4.54	4.67	54991695	252916672.00
2011/11/22	4.61	4.69	4.56	4.69	51807029	240249648.00
2011/11/23	4.69	4.71	4.61	4.61	43069293	200308736.00
2011/11/24	4.56	4.63	4.52	4.62	55275685	252460496.00
2011/11/25	4.60	4.61	4.50	4.53	58630208	266702576.00
2011/11/28	4.54	4.63	4.52	4.60	59948766	274387616.00
2011/11/29	4.63	4.65	4.57	4.62	45562703	209681632.00
2011/11/30	4.60	4.60	4.31	4.38	102221493	455560128.00
2011/12/01	4.56	4.62	4.47	4.53	126656666	576275648.00
2011/12/02	4.49	4.53	4.40	4.50	49304836	220030016.00
2011/12/05	4.48	4.48	4.36	4.38	39170829	173260768.00
2011/12/06	4.37	4.39	4.29	4.35	32539975	141135072.00
2011/12/07	4.34	4.37	4.28	4.31	31747972	137112784.00
2011/12/08	4.30	4.43	4.26	4.35	52394844	228290320.00
2011/12/09	4.31	4.38	4.31	4.36	22021731	95786848.00
2011/12/12	4.36	4.41	4.32	4.35	26084197	114091096.00
2011/12/13	4.34	4.35	4.18	4.20	59700592	253787344.00
2011/12/14	4.18	4.24	4.13	4.18	31324405	131554288.00
2011/12/15	4.14	4.20	4.08	4.09	36078668	149387440.00
2011/12/16	4.10	4.22	4.06	4.21	38102132	157728544.00
2011/12/19	4.16	4.25	4.07	4.23	44645266	186179520.00
2011/12/20	4.20	4.26	4.18	4.18	25233482	106407744.00
2011/12/21	4.22	4.24	4.06	4.07	36746583	152167296.00
2011/12/22	4.08	4.10	3.99	4.05	42490697	171164304.00
2011/12/23	4.04	4.12	4.00	4.07	49143889	199092112.00
2011/12/26	4.06	4.11	4.02	4.07	27988696	113657696.00
2011/12/27	4.06	4.10	4.02	4.03	26345681	106779968.00
2011/12/28	4.01	4.04	3.97	4.03	29604688	118462816.00
2011/12/29	4.02	4.03	3.99	4.01	25748170	103191824.00
2011/12/30	4.01	4.09	4.01	4.09	37360789	151253760.00
2012/01/04	4.12	4.13	4.01	4.01	34188243	138223408.00
2012/01/05	3.99	4.02	3.82	3.96	56700506	223743872.00
2012/01/06	3.91	4.03	3.90	4.03	30472636	120987512.00
2012/01/09	4.01	4.15	3.99	4.15	41986798	172280368.00
2012/01/10	4.13	4.32	4.11	4.31	71209057	302005696.00
2012/01/11	4.28	4.48	4.25	4.34	65784471	287271360.00
2012/01/12	4.33	4.40	4.24	4.27	46469632	200501808.00
2012/01/13	4.27	4.28	4.06	4.08	50181332	207153168.00
2012/01/16	4.04	4.05	3.92	3.93	30086345	120005752.00
2012/01/17	3.93	4.21	3.93	4.18	52115937	212749088.00
2012/01/18	4.19	4.24	4.00	4.04	138537664	566472768.00
2012/01/19	4.00	4.11	3.97	4.06	80785076	327425856.00
2012/01/20	4.07	4.43	4.06	4.28	157331971	662929024.00
2012/01/30	4.24	4.26	4.12	4.16	90495327	377711232.00
2012/01/31	4.14	4.18	4.05	4.12	66801042	273691904.00
2012/02/01	4.10	4.21	4.06	4.13	68545192	284641440.00
2012/02/02	4.15	4.19	4.11	4.19	52687130	219107776.00
2012/02/03	4.18	4.22	4.14	4.20	73335587	306796128.00
2012/02/06	4.20	4.21	4.10	4.15	62036598	257907760.00
2012/02/07	4.13	4.14	4.01	4.04	76588871	310540704.00
2012/02/08	4.04	4.14	4.02	4.14	60771108	249042976.00
2012/02/09	4.12	4.15	4.09	4.12	53960255	222499280.00
2012/02/10	4.10	4.19	4.08	4.14	85556142	354761824.00
2012/02/13	4.11	4.16	4.09	4.14	65836020	271731456.00
2012/02/14	4.14	4.14	4.07	4.09	42020652	172122000.00
2012/02/15	4.08	4.16	4.07	4.14	68540148	282718816.00
2012/02/16	4.14	4.18	4.12	4.17	71800593	298170048.00
2012/02/17	4.19	4.20	4.12	4.15	58640118	243781104.00
2012/02/20	4.19	4.19	4.13	4.14	68646964	285286272.00
2012/02/21	4.13	4.15	4.09	4.15	43232465	178102528.00
2012/02/22	4.13	4.20	4.11	4.19	98793388	411372256.00
2012/02/23	4.18	4.33	4.17	4.31	170048497	727143232.00
2012/02/24	4.28	4.40	4.27	4.33	172298517	745043584.00
2012/02/27	4.39	4.51	4.34	4.40	224850541	994291136.00
2012/02/28	4.39	4.52	4.37	4.52	185823730	831269312.00
2012/02/29	4.50	4.57	4.44	4.48	111824245	503171168.00
2012/03/01	4.48	4.56	4.46	4.50	94662124	426789408.00
2012/03/02	4.62	4.64	4.52	4.56	153704577	702945280.00
2012/03/05	4.56	4.71	4.52	4.61	168683520	780837696.00
2012/03/06	4.59	4.62	4.46	4.49	99008028	447262176.00
2012/03/07	4.44	4.55	4.42	4.49	87943696	396697792.00
2012/03/08	4.51	4.56	4.50	4.51	58459877	264856896.00
2012/03/09	4.54	4.55	4.48	4.53	61389404	277423520.00
2012/03/12	4.54	4.56	4.50	4.53	60863507	275829952.00
2012/03/13	4.53	4.55	4.47	4.52	66508201	299850560.00
2012/03/14	4.54	4.54	4.28	4.31	113195682	502948064.00
2012/03/15	4.32	4.34	4.19	4.23	80186480	341287456.00
2012/03/16	4.23	4.37	4.23	4.35	66186832	284596384.00
2012/03/19	4.33	4.46	4.26	4.40	83120365	361881024.00
2012/03/20	4.38	4.38	4.28	4.29	43327636	187461456.00
2012/03/21	4.33	4.42	4.28	4.33	47032597	203550656.00
2012/03/22	4.30	4.40	4.28	4.35	50348126	219709552.00
2012/03/23	4.32	4.34	4.29	4.31	30572599	131759224.00
2012/03/26	4.29	4.32	4.25	4.30	20069107	86017984.00
2012/03/27	4.30	4.34	4.24	4.26	35744591	152689840.00
2012/03/28	4.23	4.23	4.07	4.08	49915379	206859888.00
2012/03/29	4.06	4.14	4.04	4.10	37838055	155099456.00
2012/03/30	4.08	4.19	4.07	4.13	35856841	148780560.00
2012/04/05	4.14	4.24	4.12	4.23	31389773	131961240.00
2012/04/06	4.24	4.24	4.20	4.23	16710790	70508376.00
2012/04/09	4.21	4.22	4.13	4.13	19977670	83257232.00
2012/04/10	4.11	4.15	4.05	4.15	26492954	108524256.00
2012/04/11	4.10	4.17	4.07	4.13	26928192	111037936.00
2012/04/12	4.13	4.22	4.10	4.20	29826887	124305832.00
2012/04/13	4.22	4.28	4.18	4.25	44422854	188160848.00
2012/04/16	4.23	4.36	4.23	4.32	40798819	175784672.00
2012/04/17	4.31	4.32	4.23	4.24	27190578	116087896.00
2012/04/18	4.26	4.42	4.26	4.37	53791243	234289056.00
2012/04/19	4.47	4.58	4.45	4.51	141756898	639259520.00
2012/04/20	4.48	4.54	4.42	4.51	82200677	369106784.00
2012/04/23	4.52	4.70	4.51	4.58	147952230	682935936.00
2012/04/24	4.53	4.63	4.44	4.60	79053348	358867712.00
2012/04/25	4.57	4.64	4.54	4.60	61296248	281639616.00
2012/04/26	4.60	4.73	4.59	4.70	72686312	340829312.00
2012/04/27	4.71	4.71	4.56	4.58	69440126	320589376.00
2012/05/02	4.62	4.66	4.53	4.63	66539348	305922304.00
2012/05/03	4.63	4.63	4.55	4.57	48486268	222786336.00
2012/05/04	4.56	4.60	4.55	4.58	30942749	141450560.00
2012/05/07	4.57	4.59	4.52	4.55	47601106	216941952.00
2012/05/08	4.54	4.56	4.45	4.54	46363022	208820944.00
2012/05/09	4.49	4.62	4.47	4.57	101515450	464645504.00
2012/05/10	4.56	4.60	4.48	4.52	35364305	160058192.00
2012/05/11	4.50	4.56	4.46	4.52	34420780	155342448.00
2012/05/14	4.53	4.55	4.42	4.44	58233232	259900560.00
2012/05/15	4.41	4.44	4.38	4.43	25454378	112160152.00
2012/05/16	4.43	4.43	4.35	4.36	24353210	106679336.00
2012/05/17	4.37	4.44	4.37	4.43	21156457	93360520.00
2012/05/18	4.43	4.46	4.39	4.41	24483282	108319744.00
2012/05/21	4.42	4.51	4.42	4.47	24964450	111486872.00
2012/05/22	4.49	4.56	4.48	4.55	55336327	250935776.00
2012/05/23	4.56	4.62	4.50	4.56	40457359	184734160.00
2012/05/24	4.54	4.63	4.44	4.47	48116351	218567536.00
2012/05/25	4.46	4.51	4.43	4.46	27584249	123051944.00
2012/05/28	4.46	4.72	4.41	4.69	98468668	456502976.00
2012/05/29	4.70	4.87	4.66	4.72	131556888	624368064.00
2012/05/31	4.60	4.66	4.55	4.61	62607031	288518528.00
2012/06/01	4.61	4.69	4.58	4.63	33632053	156191872.00
2012/06/04	4.56	4.64	4.48	4.49	39474948	179216928.00
2012/06/05	4.49	4.54	4.42	4.47	32645253	145796480.00
2012/06/06	4.50	4.55	4.48	4.51	31673979	142871744.00
2012/06/07	4.53	4.57	4.44	4.45	34087671	153823168.00
2012/06/08	4.50	4.51	4.42	4.46	37688733	168493264.00
2012/06/11	4.47	4.56	4.44	4.53	31428295	141694720.00
2012/06/12	4.49	4.62	4.49	4.55	54365299	248635696.00
2012/06/13	4.55	4.62	4.54	4.60	49040896	224860448.00
2012/06/14	4.59	4.60	4.42	4.47	84412960	378068128.00
2012/06/15	4.47	4.50	4.41	4.49	37059259	165284688.00
2012/06/18	4.51	4.54	4.47	4.51	34116625	153756416.00
2012/06/19	4.50	4.50	4.40	4.42	38213330	169690640.00
2012/06/20	4.43	4.50	4.41	4.42	28534797	126996744.00
2012/06/21	4.40	4.42	4.24	4.34	41160304	177949568.00
2012/06/25	4.34	4.39	4.26	4.34	39384563	171031808.00
2012/06/26	4.32	4.43	4.30	4.40	25859370	113138016.00
2012/06/27	4.41	4.43	4.38	4.42	36064938	159121776.00
2012/06/28	4.43	4.44	4.37	4.37	34882783	153714256.00
2012/06/29	4.36	4.46	4.35	4.37	64181356	283266112.00
2012/07/02	4.39	4.40	4.01	4.09	138799811	580927872.00
2012/07/03	4.10	4.23	4.09	4.16	66639778	277686336.00
2012/07/04	4.14	4.15	4.04	4.06	25456037	103626336.00
2012/07/05	4.05	4.05	3.93	4.00	50441787	200553888.00
2012/07/06	4.02	4.04	3.88	3.99	64173315	253495344.00
2012/07/09	3.95	4.10	3.93	4.05	60621532	241916304.00
2012/07/10	4.01	4.14	3.97	4.01	36726673	147967712.00
2012/07/11	4.01	4.03	3.97	4.01	29880657	119459944.00
2012/07/12	4.04	4.07	3.99	4.04	38510229	155528464.00
2012/07/13	4.03	4.06	3.99	4.02	23319373	93633624.00
2012/07/16	4.00	4.02	3.94	3.96	17699507	70519704.00
2012/07/17	3.94	3.98	3.94	3.97	14495558	57417724.00
2012/07/18	3.97	4.04	3.96	4.03	15542153	62026008.00
2012/07/19	4.03	4.09	4.01	4.04	26670828	108020648.00
2012/07/20	4.02	4.06	4.00	4.02	14041389	56550444.00
2012/07/23	4.00	4.04	4.00	4.02	10713467	43050080.00
2012/07/24	4.01	4.05	4.00	4.05	17583301	70832432.00
2012/07/25	4.02	4.05	4.00	4.03	18013129	72433152.00
2012/07/26	4.03	4.06	3.96	4.02	33708792	134933232.00
2012/07/27	4.02	4.02	3.93	3.96	34049699	135158560.00
2012/07/30	3.95	3.97	3.81	3.88	54916942	212869824.00
2012/07/31	3.86	3.86	3.49	3.49	140742722	502741184.00
2012/08/01	3.51	3.54	3.46	3.51	89470053	313619936.00
2012/08/02	3.49	3.52	3.41	3.50	62512802	216515408.00
2012/08/03	3.48	3.51	3.46	3.50	42921229	149909440.00
2012/08/06	3.50	3.59	3.47	3.55	60743607	213734176.00
2012/08/07	3.54	3.59	3.53	3.58	45658632	162819728.00
2012/08/08	3.59	3.60	3.55	3.58	28616755	102266384.00
2012/08/09	3.58	3.59	3.54	3.59	22762448	81266288.00
2012/08/10	3.58	3.62	3.56	3.61	31211977	112211296.00
2012/08/13	3.60	3.61	3.48	3.49	37388954	132061384.00
2012/08/14	3.49	3.50	3.39	3.44	53692336	183655072.00
2012/08/15	3.42	3.43	3.37	3.39	21679787	73588456.00
2012/08/16	3.39	3.45	3.38	3.42	27267024	93348480.00
2012/08/17	3.42	3.43	3.37	3.41	23077499	78457616.00
2012/08/20	3.37	3.39	3.34	3.36	27573257	92642640.00
2012/08/21	3.36	3.41	3.35	3.38	30425800	102967512.00
2012/08/22	3.38	3.39	3.33	3.35	31348978	105271768.00
2012/08/23	3.35	3.37	3.33	3.36	24215243	81034536.00
2012/08/24	3.35	3.35	3.28	3.30	37334823	123506128.00
2012/08/27	3.29	3.29	3.08	3.11	73593705	231785968.00
2012/08/28	3.11	3.14	3.06	3.12	55644535	172421328.00
2012/08/29	3.09	3.13	3.06	3.11	59363567	184097424.00
2012/08/30	3.10	3.13	3.08	3.11	44272291	137406672.00
2012/08/31	3.09	3.11	3.06	3.11	47630316	146845600.00
2012/09/03	3.10	3.15	3.08	3.13	56841531	177654624.00
2012/09/04	3.13	3.14	3.08	3.09	34185238	106457560.00
2012/09/05	3.08	3.11	3.05	3.09	33697548	103580384.00
2012/09/06	3.10	3.14	3.08	3.13	42092877	131077288.00
2012/09/07	3.17	3.43	3.17	3.38	145251186	480456032.00
2012/09/10	3.37	3.42	3.34	3.37	61772196	208858624.00
2012/09/11	3.36	3.36	3.28	3.30	46852638	154728608.00
2012/09/12	3.32	3.34	3.28	3.33	31340208	103746328.00
2012/09/13	3.32	3.32	3.26	3.27	30260825	99403984.00
2012/09/14	3.28	3.30	3.19	3.24	74712214	241541632.00
2012/09/17	3.22	3.22	3.11	3.12	59024903	185773712.00
2012/09/18	3.10	3.12	3.08	3.09	30343097	94132464.00
2012/09/19	3.09	3.12	3.07	3.09	29614934	91593064.00
2012/09/20	3.09	3.09	3.00	3.00	57848610	176410352.00
2012/09/21	3.00	3.03	2.99	3.02	38112716	114580360.00
2012/09/24	2.99	3.02	2.97	3.02	32160880	96408992.00
2012/09/25	3.00	3.02	2.98	2.99	22950877	68774120.00
2012/09/26	2.98	3.00	2.94	2.97	36487665	108235880.00
2012/09/27	2.97	3.06	2.95	3.05	58163998	175601232.00
2012/09/28	3.01	3.12	3.01	3.12	78490402	241753888.00
2012/10/08	3.12	3.13	3.05	3.07	35456900	109149328.00
2012/10/09	3.07	3.24	3.06	3.23	129728245	411742368.00
2012/10/10	3.19	3.23	3.18	3.20	58582124	187621520.00
2012/10/11	3.19	3.30	3.17	3.21	64611829	209368192.00
2012/10/12	3.21	3.25	3.18	3.20	37204200	119354192.00
2012/10/15	3.20	3.21	3.15	3.19	26573021	84364344.00
2012/10/16	3.20	3.21	3.17	3.19	27417433	87607928.00
2012/10/17	3.20	3.23	3.17	3.21	31734059	101459368.00
2012/10/18	3.21	3.28	3.20	3.27	57044851	185831664.00
2012/10/19	3.27	3.30	3.24	3.27	33155368	108504976.00
2012/10/22	3.26	3.26	3.22	3.25	41290664	133873736.00
2012/10/23	3.24	3.26	3.19	3.21	28331479	91336440.00
2012/10/24	3.19	3.39	3.18	3.30	95238714	313984832.00
2012/10/25	3.30	3.45	3.29	3.37	132633413	449152192.00
2012/10/26	3.37	3.42	3.29	3.39	95613646	320733152.00
2012/10/29	3.36	3.39	3.32	3.39	65976900	221982304.00
2012/10/30	3.39	3.52	3.37	3.49	119917926	414461088.00
2012/10/31	3.40	3.48	3.37	3.41	123440181	422219648.00
2012/11/01	3.42	3.47	3.41	3.44	70428296	242186448.00
2012/11/02	3.44	3.52	3.42	3.51	89925492	312917152.00
2012/11/07	3.44	3.48	3.34	3.42	156752827	534352800.00
2012/11/08	3.38	3.39	3.26	3.28	81635887	271738176.00
2012/11/09	3.27	3.34	3.26	3.29	51484317	169652016.00
2012/11/12	3.29	3.34	3.27	3.34	39565196	130738424.00
2012/11/13	3.32	3.32	3.23	3.25	44761583	146017664.00
2012/11/14	3.25	3.27	3.19	3.24	39235033	126705192.00
2012/11/15	3.20	3.21	3.10	3.12	94958180	298881280.00
2012/11/16	3.10	3.14	3.08	3.12	52415928	163152384.00
2012/11/19	3.14	3.18	3.12	3.16	67053429	211423184.00
2012/11/20	3.18	3.20	3.16	3.16	37928612	120521240.00
2012/11/21	3.16	3.19	3.11	3.18	43977713	138564528.00
2012/11/22	3.16	3.17	3.13	3.15	24141090	76027328.00
2012/11/23	3.15	3.17	3.13	3.16	48593798	153202672.00
2012/11/26	3.15	3.16	3.11	3.12	24816501	77653128.00
2012/11/27	3.10	3.11	3.04	3.05	50734252	155647232.00
2012/11/28	3.05	3.11	3.03	3.09	53727713	165473584.00
2012/11/29	3.09	3.17	3.08	3.13	49766113	156000736.00
2012/11/30	3.13	3.18	3.12	3.18	40756283	128693288.00
2012/12/03	3.20	3.31	3.19	3.24	92316129	298682304.00
2012/12/04	3.23	3.29	3.22	3.28	69584803	226887776.00
2012/12/05	3.29	3.39	3.26	3.35	117586507	392144896.00
2012/12/06	3.35	3.36	3.31	3.32	50928499	169581952.00
2012/12/07	3.32	3.42	3.29	3.40	109821556	369507808.00
2012/12/10	3.41	3.43	3.37	3.40	87473905	297725728.00
2012/12/11	3.39	3.44	3.36	3.38	58086161	197463232.00
2012/12/12	3.38	3.40	3.33	3.38	56290082	189479792.00
2012/12/13	3.36	3.38	3.31	3.31	56028901	187401664.00
2012/12/14	3.31	3.58	3.31	3.56	172031372	591535296.00
2012/12/17	3.58	3.77	3.57	3.68	200339681	735148032.00
2012/12/18	3.66	3.72	3.62	3.65	90658652	332682016.00
2012/12/19	3.63	3.68	3.61	3.65	58912776	214816160.00
2012/12/20	3.63	3.68	3.55	3.66	69370572	250873136.00
2012/12/21	3.66	3.69	3.60	3.61	85095286	310576416.00
2012/12/24	3.62	3.66	3.59	3.61	44913322	163229440.00
2012/12/25	3.59	3.75	3.59	3.73	78418018	290133920.00
2012/12/26	3.72	3.75	3.68	3.72	48087734	178407264.00
2012/12/27	3.73	3.76	3.69	3.72	44503803	165744832.00
2012/12/28	3.72	3.82	3.70	3.79	54092751	203070528.00
2012/12/31	3.79	3.85	3.76	3.82	78637310	298409504.00
2013/01/04	3.82	3.85	3.70	3.76	66957341	253364592.00
2013/01/07	3.77	3.77	3.69	3.74	77366563	288425824.00
2013/01/08	3.74	3.75	3.67	3.69	65544065	242438000.00
2013/01/09	3.68	3.72	3.65	3.70	47250399	174205248.00
2013/01/10	3.69	3.76	3.66	3.70	47096727	174866592.00
2013/01/11	3.69	3.71	3.57	3.60	63630365	232344544.00
2013/01/14	3.56	3.72	3.56	3.70	68755847	251488832.00
2013/01/15	3.70	3.76	3.67	3.73	70120119	260376656.00
2013/01/16	3.72	3.76	3.67	3.70	70878177	262704848.00
2013/01/17	3.70	3.72	3.63	3.68	40922274	150393712.00
2013/01/18	3.69	3.74	3.67	3.73	44835546	166312208.00
2013/01/21	3.74	3.82	3.74	3.78	65098926	245938080.00
2013/01/22	3.79	3.79	3.70	3.72	54196278	202459536.00
2013/01/23	3.73	3.75	3.66	3.69	35832165	132465080.00
2013/01/24	3.70	3.76	3.61	3.64	62659327	231050368.00
2013/01/25	3.64	3.65	3.59	3.61	30415759	110069656.00
2013/01/28	3.66	3.72	3.64	3.71	75407261	277361312.00
2013/01/29	3.71	3.74	3.69	3.73	60853773	226163136.00
2013/01/30	3.74	3.89	3.69	3.81	113284446	428904224.00
2013/01/31	3.83	3.83	3.75	3.81	68323889	259328352.00
2013/02/01	3.79	3.95	3.76	3.94	103271928	399231776.00
2013/02/04	3.96	4.06	3.92	4.01	103192731	412537312.00
2013/02/05	3.98	4.24	3.92	4.15	141750553	584497408.00
2013/02/06	4.13	4.22	4.11	4.13	55722390	231413568.00
2013/02/07	4.11	4.19	4.06	4.14	83837665	345613792.00
2013/02/08	4.15	4.22	4.13	4.18	51433647	214500560.00
2013/02/18	4.19	4.20	4.08	4.11	47494467	195967424.00
2013/02/19	4.09	4.09	3.93	3.94	81149531	324233888.00
2013/02/20	3.98	4.00	3.92	4.00	75878571	301124288.00
2013/02/21	3.97	3.97	3.82	3.84	92467311	358997856.00
2013/02/22	3.84	3.85	3.76	3.79	46905011	178607792.00
2013/02/25	3.81	3.84	3.77	3.80	39979966	151905776.00
2013/02/26	3.78	3.85	3.75	3.77	52467207	199379984.00
2013/02/27	3.78	3.81	3.77	3.79	27032654	102378136.00
2013/02/28	3.81	3.89	3.78	3.88	82173343	315413344.00
2013/03/01	3.88	3.88	3.79	3.85	58967217	226299984.00
2013/03/04	3.79	3.80	3.59	3.60	109085120	403031488.00
2013/03/05	3.61	3.67	3.58	3.67	66331903	240017776.00
2013/03/06	3.66	3.74	3.64	3.74	83111904	306445920.00
2013/03/07	3.71	3.72	3.66	3.69	43836341	161797760.00
2013/03/08	3.69	3.70	3.65	3.67	35710490	131205992.00
2013/03/11	3.65	3.69	3.60	3.68	37577184	136685264.00
2013/03/12	3.70	3.75	3.61	3.63	78774610	290870496.00
2013/03/13	3.61	3.62	3.52	3.55	41469465	147583520.00
2013/03/14	3.55	3.57	3.52	3.53	22740995	80593728.00
2013/03/15	3.54	3.60	3.50	3.55	50810457	180645664.00
2013/03/18	3.53	3.56	3.49	3.50	32230843	113606600.00
2013/03/19	3.52	3.53	3.48	3.53	31396672	110194768.00
2013/03/20	3.53	3.63	3.51	3.62	64440181	231111360.00
2013/03/21	3.63	3.65	3.58	3.61	60811847	220002944.00
2013/03/22	3.59	3.63	3.58	3.62	48914383	176648080.00
2013/03/25	3.62	3.63	3.56	3.59	51474599	184767696.00
2013/03/26	3.58	3.59	3.49	3.50	62449414	220202096.00
2013/03/27	3.50	3.55	3.45	3.47	51492367	180046608.00
2013/03/28	3.45	3.46	3.35	3.37	79070927	267884832.00
2013/03/29	3.38	3.41	3.35	3.36	41329927	139461200.00
2013/04/01	3.37	3.39	3.36	3.38	28159795	95056360.00
2013/04/02	3.38	3.46	3.37	3.43	47093732	161252992.00
2013/04/03	3.44	3.46	3.40	3.44	33092582	113544336.00
2013/04/08	3.39	3.43	3.36	3.40	37546135	127507464.00
2013/04/09	3.42	3.44	3.40	3.44	36215769	124013232.00
2013/04/10	3.44	3.45	3.38	3.42	28141559	96168864.00
2013/04/11	3.43	3.46	3.41	3.41	31542313	108375544.00
2013/04/12	3.40	3.44	3.40	3.41	26119035	89331448.00
2013/04/15	3.40	3.41	3.37	3.39	19093048	64741436.00
2013/04/16	3.36	3.44	3.36	3.43	32830421	111557976.00
2013/04/17	3.43	3.45	3.39	3.40	19321132	65999712.00
2013/04/18	3.40	3.46	3.37	3.45	25660188	88035560.00
2013/04/19	3.45	3.56	3.44	3.54	53961102	189331920.00
2013/04/22	3.53	3.57	3.50	3.53	37988396	133982312.00
2013/04/23	3.53	3.53	3.38	3.40	37685750	129738752.00
2013/04/24	3.40	3.46	3.38	3.43	39973169	136568672.00
2013/04/25	3.41	3.44	3.38	3.39	31030477	105645848.00
2013/04/26	3.40	3.41	3.35	3.37	24836954	83982824.00
2013/05/02	3.37	3.38	3.31	3.35	28175249	94192440.00
2013/05/03	3.35	3.41	3.35	3.39	41509059	140530656.00
2013/05/06	3.39	3.45	3.38	3.43	38313265	131095800.00
2013/05/07	3.43	3.51	3.41	3.48	49878709	173276096.00
2013/05/08	3.50	3.53	3.47	3.50	48014202	168331872.00
2013/05/09	3.49	3.52	3.43	3.47	37756507	131201120.00
2013/05/10	3.46	3.50	3.44	3.49	36546603	126934808.00
2013/05/13	3.50	3.52	3.45	3.47	29505784	102845416.00
2013/05/14	3.48	3.48	3.39	3.41	42172398	144135104.00
2013/05/15	3.42	3.43	3.40	3.42	17339752	59247460.00
2013/05/16	3.41	3.49	3.39	3.48	30913813	106647576.00
2013/05/17	3.48	3.54	3.46	3.52	54571031	191501712.00
2013/05/20	3.54	3.62	3.52	3.59	89082886	318691200.00
2013/05/21	3.59	3.61	3.56	3.60	43893142	157295248.00
2013/05/22	3.59	3.62	3.57	3.59	37074797	133264904.00
2013/05/23	3.57	3.58	3.52	3.55	50039119	177499840.00
2013/05/24	3.57	3.59	3.52	3.55	45544419	161609760.00
2013/05/27	3.54	3.58	3.53	3.55	35178647	125009648.00
2013/05/28	3.56	3.61	3.53	3.60	50254265	179397008.00
2013/05/29	3.62	3.69	3.61	3.67	97105978	355654624.00
2013/05/30	3.65	3.66	3.62	3.63	49713718	180768496.00
2013/05/31	3.65	3.66	3.60	3.61	35655945	129256440.00
2013/06/03	3.62	3.65	3.58	3.61	30972583	111871000.00
2013/06/04	3.61	3.62	3.52	3.54	43816532	155737920.00
2013/06/05	3.52	3.54	3.50	3.54	23395853	82322984.00
2013/06/06	3.52	3.54	3.46	3.49	35427606	124094000.00
2013/06/07	3.49	3.50	3.38	3.39	53845668	184223344.00
2013/06/13	3.36	3.36	3.25	3.29	41843923	137719792.00
2013/06/14	3.29	3.31	3.26	3.29	44204145	145075440.00
2013/06/17	3.28	3.30	3.21	3.24	33257522	108135288.00
2013/06/18	3.26	3.26	3.17	3.20	46927832	150669936.00
2013/06/19	3.19	3.20	3.12	3.14	62265584	195734464.00
2013/06/20	3.12	3.13	3.05	3.07	46802179	144885568.00
2013/06/21	3.04	3.08	3.01	3.06	49941078	152406160.00
2013/06/24	3.05	3.06	2.83	2.85	94938330	278422912.00
2013/06/25	2.82	2.84	2.60	2.77	105815926	290678688.00
2013/06/26	2.78	2.80	2.72	2.76	49083797	134986784.00
2013/06/27	2.77	2.86	2.77	2.81	66858349	188058768.00
2013/06/28	2.80	2.90	2.77	2.88	57311834	163103040.00
2013/07/01	2.85	2.88	2.77	2.84	46596620	131950832.00
2013/07/02	2.84	2.84	2.76	2.81	54088219	151405488.00
2013/07/03	2.80	2.81	2.73	2.77	57423508	158789936.00
2013/07/04	2.62	2.69	2.59	2.67	47240011	125292688.00
2013/07/05	2.66	2.75	2.64	2.71	61797662	165954752.00
2013/07/08	2.68	2.68	2.59	2.61	65270715	170799792.00
2013/07/09	2.61	2.62	2.55	2.60	50057797	129398840.00
2013/07/10	2.60	2.68	2.59	2.67	60590688	159520976.00
2013/07/11	2.67	2.84	2.67	2.81	152871862	422499648.00
2013/07/12	2.79	2.82	2.72	2.74	69791916	194038800.00
2013/07/15	2.76	2.82	2.74	2.78	57544957	159730960.00
2013/07/16	2.78	2.80	2.74	2.79	56509396	156131856.00
2013/07/17	2.78	2.90	2.77	2.84	101641754	289750528.00
2013/07/18	2.82	2.88	2.78	2.82	59937922	169936608.00
2013/07/19	2.84	2.89	2.73	2.76	62897612	177432992.00
2013/07/22	2.78	2.79	2.71	2.76	46441799	127629576.00
2013/07/23	2.75	2.90	2.75	2.86	78847431	223870944.00
2013/07/24	2.83	2.89	2.77	2.83	52765191	149179376.00
2013/07/25	2.83	2.87	2.80	2.82	47616271	135005248.00
2013/07/26	2.80	2.83	2.78	2.80	27714245	77651088.00
2013/07/29	2.77	2.78	2.70	2.71	40041510	109402224.00
2013/07/30	2.72	2.77	2.70	2.74	33008481	90096336.00
2013/07/31	2.74	2.81	2.73	2.75	30875008	85290624.00
2013/08/01	2.76	2.82	2.75	2.81	52056825	145479296.00
2013/08/02	2.82	2.85	2.80	2.80	47935284	135588432.00
2013/08/05	2.80	2.85	2.79	2.85	44365101	125098712.00
2013/08/06	2.84	2.85	2.79	2.83	47844571	135068672.00
2013/08/07	2.83	2.92	2.81	2.87	89748601	257383568.00
2013/08/08	2.85	2.86	2.81	2.84	51575314	146157776.00
2013/08/09	2.84	2.85	2.79	2.83	33357677	94117088.00
2013/08/12	2.84	2.89	2.82	2.89	62694754	179792544.00
2013/08/13	2.89	2.91	2.88	2.89	43016841	124449032.00
2013/08/14	2.90	2.92	2.85	2.87	65016072	187486896.00
2013/08/15	2.86	2.88	2.83	2.83	46466277	132704936.00
2013/08/16	2.82	3.11	2.80	2.83	144720455	416632704.00
2013/08/19	2.82	2.85	2.79	2.83	50542995	142334944.00
2013/08/20	2.83	2.85	2.81	2.82	42204122	119421184.00
2013/08/21	2.83	2.84	2.80	2.83	28031311	78998336.00
2013/08/22	2.82	2.84	2.81	2.82	23859874	67362416.00
2013/08/23	2.83	2.84	2.75	2.79	48486364	135303072.00
2013/08/26	2.79	2.83	2.78	2.83	39792823	111753928.00
2013/08/27	2.82	2.83	2.80	2.82	31706632	89231336.00
2013/08/28	2.80	2.85	2.79	2.83	54851262	154463552.00
2013/08/29	2.83	2.83	2.80	2.81	31731706	89351864.00
2013/08/30	2.83	2.85	2.81	2.84	69342315	196374016.00
2013/09/02	2.86	2.93	2.85	2.90	103787109	300108480.00
2013/09/03	2.91	2.92	2.89	2.91	62932691	182907920.00
2013/09/04	2.91	2.92	2.88	2.89	47085557	136550816.00
2013/09/05	2.89	2.90	2.84	2.86	51140042	146530080.00
2013/09/06	2.86	2.89	2.85	2.88	36867903	105808360.00
2013/09/09	2.90	3.02	2.88	3.00	132205235	391705184.00
2013/09/10	2.99	3.15	2.98	3.11	145851718	448988384.00
2013/09/11	3.13	3.41	3.12	3.27	242348573	798725824.00
2013/09/12	3.29	3.30	3.22	3.26	87389929	284664288.00
2013/09/13	3.28	3.32	3.19	3.20	85912546	278418368.00
2013/09/16	3.23	3.26	3.20	3.21	47890583	154500896.00
2013/09/17	3.21	3.23	3.11	3.12	77387399	245596016.00
2013/09/18	3.12	3.14	3.07	3.13	55147632	171444560.00
2013/09/23	3.13	3.21	3.13	3.19	42580489	135040528.00
2013/09/24	3.17	3.21	3.13	3.16	37480362	118731152.00
2013/09/25	3.16	3.18	3.11	3.12	35412694	111377320.00
2013/09/26	3.11	3.11	3.04	3.05	38304679	117499976.00
2013/09/27	3.05	3.08	3.04	3.07	27291183	83443904.00
2013/09/30	3.09	3.14	3.07	3.11	31260681	96866976.00
2013/10/08	3.09	3.16	3.07	3.15	33293726	103802000.00
2013/10/09	3.14	3.19	3.12	3.17	32235559	101803440.00
2013/10/10	3.18	3.18	3.12	3.14	39881653	125541176.00
2013/10/11	3.16	3.18	3.13	3.17	36938863	116654096.00
2013/10/14	3.19	3.32	3.19	3.25	83124840	270786976.00
2013/10/15	3.26	3.26	3.19	3.21	42103641	135349728.00
2013/10/16	3.33	3.34	3.24	3.27	111783136	366790144.00
2013/10/17	3.28	3.44	3.27	3.35	131278455	442321952.00
2013/10/18	3.32	3.32	3.19	3.23	94437952	305749696.00
2013/10/21	3.22	3.22	3.14	3.21	78019984	248155056.00
2013/10/22	3.19	3.21	3.15	3.20	59943501	190813216.00
2013/10/23	3.20	3.23	3.13	3.13	52657534	167108064.00
2013/10/24	3.13	3.17	3.11	3.12	31848518	99792368.00
2013/10/25	3.13	3.15	3.08	3.09	41709284	129848424.00
2013/10/28	3.09	3.11	3.08	3.11	26899006	83384080.00
2013/10/29	3.11	3.18	3.07	3.14	60397816	188582832.00
2013/10/30	3.14	3.28	3.12	3.26	93658196	302200288.00
2013/10/31	3.22	3.25	3.16	3.19	54354474	174074432.00
2013/11/01	3.18	3.26	3.17	3.26	58332080	188825072.00
2013/11/04	3.26	3.30	3.22	3.26	36668095	119114672.00
2013/11/05	3.24	3.30	3.21	3.29	54268594	176857936.00
2013/11/06	3.27	3.29	3.20	3.21	35809091	116114288.00
2013/11/07	3.21	3.26	3.19	3.22	30899261	99474800.00
2013/11/08	3.20	3.22	3.14	3.15	30763632	97886352.00
2013/11/11	3.14	3.17	3.12	3.14	19946429	62672940.00
2013/11/12	3.14	3.20	3.14	3.18	26889645	85329064.00
2013/11/13	3.16	3.17	3.09	3.10	40294524	125762144.00
2013/11/14	3.09	3.13	3.09	3.11	20598398	64027956.00
2013/11/15	3.11	3.21	3.11	3.18	48835078	154853408.00
2013/11/18	3.19	3.25	3.17	3.25	68051789	219050320.00
2013/11/19	3.26	3.32	3.24	3.27	85344722	279846720.00
2013/11/20	3.28	3.31	3.25	3.29	46504441	152689184.00
2013/11/21	3.28	3.28	3.24	3.26	43422925	141319488.00
2013/11/22	3.27	3.28	3.22	3.25	37384626	121221384.00
2013/11/25	3.23	3.26	3.22	3.23	19334291	62708692.00
2013/11/26	3.24	3.25	3.17	3.19	53246871	170428336.00
2013/11/27	3.19	3.23	3.17	3.22	49190190	157557648.00
2013/11/28	3.23	3.28	3.21	3.25	55290466	179174592.00
2013/11/29	3.25	3.26	3.23	3.25	33185007	107672992.00
2013/12/02	3.24	3.37	3.24	3.27	111098832	367084768.00
2013/12/03	3.28	3.32	3.26	3.31	49918441	164462176.00
2013/12/04	3.30	3.37	3.29	3.34	80723133	270112672.00
2013/12/05	3.34	3.35	3.30	3.31	43340120	143657616.00
2013/12/06	3.30	3.33	3.27	3.33	44213249	145764432.00
2013/12/09	3.37	3.37	3.30	3.32	44964181	149753264.00
2013/12/10	3.32	3.33	3.28	3.30	29282765	96656552.00
2013/12/11	3.28	3.29	3.23	3.25	47288696	153831456.00
2013/12/12	3.27	3.30	3.24	3.26	51652571	168740832.00
2013/12/13	3.26	3.31	3.24	3.28	51385444	168960208.00
2013/12/16	3.29	3.31	3.21	3.22	54326223	176195568.00
2013/12/17	3.22	3.24	3.15	3.16	43231674	137503536.00
2013/12/18	3.16	3.17	3.13	3.16	22985060	72354984.00
2013/12/19	3.16	3.18	3.11	3.13	31955642	100266872.00
2013/12/20	3.13	3.13	3.06	3.07	31755573	98176664.00
2013/12/23	3.08	3.12	3.05	3.09	25462453	78611384.00
2013/12/24	3.10	3.12	3.07	3.08	16292102	50445852.00
2013/12/25	3.09	3.11	3.08	3.09	17000615	52629348.00
2013/12/26	3.09	3.10	3.02	3.02	30532881	93057928.00
2013/12/27	3.02	3.06	3.01	3.05	34385120	104445232.00
2013/12/30	3.06	3.07	3.00	3.04	40293451	122123568.00
2013/12/31	3.02	3.08	3.00	3.07	31588042	96082424.00
2014/01/02	3.05	3.08	3.04	3.07	23117491	70644080.00
2014/01/03	3.04	3.06	2.99	3.01	30531584	92123984.00
2014/01/06	3.01	3.01	2.85	2.87	62707993	182229936.00
2014/01/07	2.87	2.89	2.85	2.86	20020814	57478864.00
2014/01/08	2.87	2.91	2.81	2.84	37583351	107143640.00
2014/01/09	2.83	2.85	2.81	2.83	34959953	99115464.00
2014/01/10	2.81	2.83	2.78	2.80	22913846	64119180.00
2014/01/13	2.80	2.82	2.78	2.79	21911525	61287732.00
2014/01/14	2.80	2.85	2.79	2.85	20235144	57074784.00
2014/01/15	2.85	2.85	2.79	2.84	21478977	60546756.00
2014/01/16	2.83	2.85	2.82	2.83	15540893	44022520.00
2014/01/17	2.82	2.82	2.77	2.77	21967585	61228768.00
2014/01/20	2.76	2.77	2.72	2.73	24709361	67610152.00
2014/01/21	2.74	2.77	2.72	2.75	14647033	40262224.00
2014/01/22	2.76	2.84	2.75	2.83	25282411	70958248.00
2014/01/23	2.86	2.86	2.82	2.83	25150435	71503720.00
2014/01/24	2.81	2.87	2.81	2.84	29246996	83075048.00
2014/01/27	2.84	2.86	2.79	2.81	34008088	95718000.00
2014/01/28	2.82	2.83	2.78	2.80	19898218	55765316.00
2014/01/29	2.81	2.82	2.76	2.79	35112368	97824272.00
2014/01/30	2.78	2.79	2.75	2.76	22376414	61861180.00
2014/02/07	2.75	2.76	2.72	2.76	24080012	66097988.00
2014/02/10	2.77	2.83	2.76	2.83	39615788	111265128.00
2014/02/11	2.82	2.86	2.80	2.85	44633274	126469424.00
2014/02/12	2.85	2.87	2.83	2.85	36836978	104986648.00
2014/02/13	2.85	2.85	2.82	2.82	31586440	89466320.00
2014/02/14	2.83	2.85	2.82	2.85	29305224	82995200.00
2014/02/17	2.86	2.87	2.84	2.86	52234151	149218928.00
2014/02/18	2.86	2.87	2.81	2.83	36359306	103165208.00
2014/02/19	2.83	2.88	2.81	2.86	40626467	115546920.00
2014/02/20	2.86	2.90	2.85	2.86	51583906	148193920.00
2014/02/21	2.86	2.86	2.80	2.81	38532173	108793408.00
2014/02/24	2.79	2.79	2.73	2.75	47675716	131443856.00
2014/02/25	2.75	2.76	2.67	2.68	48178074	131010056.00
2014/02/26	2.66	2.68	2.62	2.67	38703338	102665968.00
2014/02/27	2.67	2.71	2.65	2.68	46994734	125571928.00
2014/02/28	2.66	2.71	2.64	2.70	34789453	92998112.00
2014/03/03	2.70	2.75	2.68	2.74	41256533	112610008.00
2014/03/04	2.71	2.73	2.69	2.71	30853922	83500672.00
2014/03/05	2.72	2.75	2.69	2.72	28625904	77856392.00
2014/03/06	2.70	2.74	2.69	2.74	25366990	68886432.00
2014/03/07	2.73	2.75	2.69	2.70	30067106	81627656.00
2014/03/10	2.69	2.69	2.60	2.62	36706926	96865112.00
2014/03/11	2.61	2.63	2.60	2.62	28320789	74030184.00
2014/03/12	2.61	2.65	2.59	2.62	33971197	88989984.00
2014/03/13	2.63	2.67	2.62	2.66	30972852	82062984.00
2014/03/14	2.64	2.65	2.61	2.64	18736376	49328896.00
2014/03/17	2.64	2.67	2.63	2.66	22981182	60972600.00
2014/03/18	2.66	2.66	2.62	2.62	33974836	89533472.00
2014/03/19	2.63	2.63	2.60	2.63	25691318	67101968.00
2014/03/20	2.62	2.65	2.60	2.61	27739492	72870344.00
2014/03/21	2.60	2.74	2.59	2.71	71476311	190979568.00
2014/03/24	2.73	2.79	2.71	2.77	65884791	181221392.00
2014/03/25	2.77	2.79	2.74	2.75	43028341	119041880.00
2014/03/26	2.76	2.77	2.72	2.73	26489247	72755960.00
2014/03/27	2.72	2.75	2.69	2.73	34753091	94397168.00
2014/03/28	2.71	2.76	2.70	2.74	33222481	90776200.00
2014/03/31	2.74	2.76	2.72	2.74	32658337	89481624.00
2014/04/01	2.73	2.77	2.72	2.76	25526830	70234016.00
2014/04/02	2.76	2.79	2.75	2.78	42036589	116480976.00
2014/04/03	2.78	2.80	2.70	2.72	53136093	146412240.00
2014/04/04	2.71	2.76	2.71	2.75	31766323	86786816.00
2014/04/08	2.74	2.81	2.74	2.80	54948102	153093088.00
2014/04/09	2.81	2.82	2.78	2.80	33244063	93067368.00
2014/04/10	2.80	2.91	2.78	2.87	82718610	235275760.00
2014/04/11	2.86	2.89	2.84	2.86	48464298	138709776.00
2014/04/14	2.86	2.88	2.84	2.86	33644934	96087592.00
2014/04/15	2.85	2.86	2.80	2.81	44239923	124793744.00
2014/04/16	2.81	2.83	2.79	2.81	28176315	79120736.00
2014/04/17	2.81	2.82	2.78	2.79	20639616	57719824.00
2014/04/18	2.78	2.82	2.76	2.79	33073262	92361344.00
2014/04/21	2.77	2.80	2.76	2.77	28967601	80637624.00
2014/04/22	2.78	2.79	2.73	2.76	37074018	102164376.00
2014/04/23	2.75	2.78	2.74	2.77	27512514	75832184.00
2014/04/24	2.77	2.79	2.75	2.77	21605892	59796908.00
2014/04/25	2.77	2.78	2.74	2.74	22909982	63178620.00
2014/04/28	2.74	2.75	2.68	2.69	29692478	80478104.00
2014/04/29	2.69	2.72	2.68	2.72	20272978	54604508.00
2014/04/30	2.72	2.73	2.70	2.72	15911703	43123600.00
2014/05/05	2.71	2.74	2.68	2.73	29420442	79709656.00
2014/05/06	2.73	2.75	2.71	2.74	22220497	60756140.00
2014/05/07	2.73	2.75	2.71	2.73	17792553	48552520.00
2014/05/08	2.73	2.77	2.72	2.74	23823847	65467788.00
2014/05/09	2.74	2.75	2.71	2.72	14548688	39690596.00
2014/05/12	2.75	2.80	2.73	2.79	55592966	153869040.00
2014/09/30	2.92	2.92	2.92	2.92	1936740	5655281.00
2014/10/08	3.21	3.21	3.21	3.21	4200822	13484639.00
2014/10/09	3.53	3.53	3.53	3.53	45177836	159477760.00
2014/10/10	3.63	3.88	3.58	3.88	720719951	2718901504.00
2014/10/13	4.00	4.22	3.93	4.04	774730226	3132744448.00
2014/10/14	4.09	4.10	3.96	4.08	437087793	1759076224.00
2014/10/15	4.03	4.27	3.97	4.08	484733019	1993725952.00
2014/10/16	4.01	4.09	3.91	3.92	331168965	1325903104.00
2014/10/17	3.89	3.91	3.72	3.81	263102496	1003798784.00
2014/10/20	3.83	3.87	3.77	3.83	141979404	542400640.00
2014/10/21	3.82	3.86	3.75	3.76	153532583	582404864.00
2014/10/22	3.76	3.79	3.66	3.67	145689155	541562048.00
2014/10/23	3.64	3.66	3.55	3.56	162478162	584671232.00
2014/10/24	3.55	3.63	3.54	3.60	95602599	343322144.00
2014/10/27	3.59	3.59	3.53	3.58	70994593	252990752.00
2014/10/28	3.58	3.74	3.58	3.73	193738311	711807616.00
2014/10/29	3.73	3.80	3.69	3.76	193243645	722907648.00
2014/10/30	3.77	4.06	3.74	3.93	343845688	1345455232.00
2014/10/31	3.89	3.94	3.81	3.85	197466836	761112000.00
2014/11/03	3.86	3.97	3.84	3.93	174247243	681119744.00
2014/11/04	4.02	4.29	3.96	4.20	588394265	2435960576.00
2014/11/05	4.22	4.24	4.04	4.05	315664946	1293390720.00
2014/11/06	4.02	4.18	3.90	4.11	298098144	1202200576.00
2014/11/07	4.26	4.31	3.96	4.02	301458576	1249583616.00
2014/11/10	4.10	4.22	4.02	4.15	278578152	1151684992.00
2014/11/11	4.33	4.44	4.08	4.18	407080628	1719693568.00
2014/11/12	4.09	4.20	4.05	4.19	186649553	770686784.00
2014/11/13	4.16	4.18	4.05	4.10	154124681	632902208.00
2014/11/14	4.06	4.08	4.00	4.04	106557572	429267328.00
2014/11/17	4.10	4.11	4.00	4.01	93292659	377071424.00
2014/11/18	3.99	4.02	3.94	3.99	98406436	391405152.00
2014/11/19	3.98	4.00	3.95	3.97	74677075	296816928.00
2014/11/20	3.96	3.97	3.92	3.95	69462617	274016480.00
2014/11/21	3.95	4.02	3.93	4.01	92083141	365735808.00
2014/11/24	4.08	4.22	4.04	4.17	293275185	1216723072.00
2014/11/25	4.15	4.21	4.12	4.19	177026582	739248576.00
2014/11/26	4.25	4.34	4.16	4.23	229208042	972183936.00
2014/11/27	4.25	4.27	4.11	4.16	183873402	765883456.00
2014/11/28	4.14	4.26	4.10	4.22	238777001	995820352.00
2014/12/01	4.22	4.33	4.17	4.18	218056503	922103616.00
2014/12/02	4.16	4.29	4.14	4.27	246292871	1042421696.00
2014/12/03	4.32	4.46	4.23	4.30	330219703	1432041344.00
2014/12/04	4.29	4.47	4.27	4.44	290150477	1271238784.00
2014/12/05	4.49	4.67	4.32	4.45	355914755	1597577728.00
2014/12/08	4.43	4.90	4.39	4.90	346323841	1626046208.00
2014/12/09	5.18	5.39	4.93	5.12	819345238	4324888576.00
2014/12/10	5.22	5.56	5.16	5.41	635634089	3406887936.00
2014/12/11	5.44	5.49	5.10	5.33	425716003	2262893056.00
2014/12/12	5.32	5.48	5.18	5.39	341969365	1825576064.00
2014/12/15	5.28	5.93	5.20	5.93	485688406	2757805824.00
2014/12/16	6.35	6.44	6.00	6.18	687346628	4273917696.00
2014/12/17	6.11	6.59	6.02	6.28	572485148	3620387072.00
2014/12/18	6.28	6.91	6.11	6.91	717376742	4764815360.00
2014/12/19	6.90	7.60	6.80	7.60	680558670	4972853760.00
2014/12/22	8.18	8.36	7.17	7.38	807509236	6359940608.00
2014/12/23	7.21	7.74	6.64	7.06	513465602	3676269824.00
2014/12/24	6.99	7.37	6.82	7.11	410787695	2925693440.00
2014/12/25	7.11	7.82	7.08	7.82	481689675	3587114752.00
2014/12/26	8.00	8.38	7.53	7.81	685577943	5431752704.00
2014/12/29	7.70	8.48	7.55	8.21	605548485	4910574080.00
2014/12/30	8.22	8.80	8.14	8.58	557331404	4719347712.00
2014/12/31	8.52	8.67	8.19	8.43	404576475	3400324096.00
2015/01/05	8.45	8.50	7.95	8.20	404885938	3316996864.00
2015/01/06	8.20	8.29	7.81	8.06	345135965	2771353600.00
2015/01/07	8.08	8.27	8.05	8.16	257958590	2105490816.00
2015/01/08	8.11	8.15	7.60	7.64	308271857	2401502976.00
2015/01/09	7.52	8.25	7.41	7.72	359836368	2831701504.00
2015/01/12	7.52	7.69	7.34	7.42	185839416	1393041920.00
2015/01/13	7.42	7.60	7.25	7.32	144735054	1070439616.00
2015/01/14	7.80	7.89	7.48	7.56	287603167	2207236352.00
2015/01/15	7.50	7.80	7.32	7.72	198220780	1505809024.00
2015/01/16	7.72	7.92	7.61	7.71	206813606	1605370112.00
2015/01/19	7.25	7.39	6.94	6.94	262951906	1867336832.00
2015/01/20	6.85	7.09	6.82	6.94	217337518	1512707968.00
2015/01/21	7.02	7.30	6.91	7.24	246227909	1754469760.00
2015/01/22	7.17	7.22	7.03	7.16	174394856	1243591424.00
2015/01/23	7.23	7.47	7.16	7.30	238787633	1750610688.00
2015/01/26	7.32	7.34	7.17	7.28	122030317	882421440.00
2015/01/27	7.28	7.65	7.24	7.53	272950508	2026916224.00
2015/01/28	7.45	7.56	7.32	7.34	156041348	1157408768.00
2015/01/29	7.27	7.35	7.16	7.20	106403063	769214464.00
2015/01/30	7.21	7.27	6.95	6.97	132521114	935597888.00
2015/02/02	6.81	6.81	6.38	6.43	164129566	1080048896.00
2015/02/03	6.43	6.63	6.35	6.62	120670683	785145536.00
2015/02/04	6.63	7.05	6.52	6.79	178741611	1203639808.00
2015/02/05	6.99	6.99	6.50	6.51	121447922	818779776.00
2015/02/06	6.47	6.62	6.34	6.42	96377435	622680128.00
2015/02/09	6.42	6.60	6.31	6.48	90438245	583720896.00
2015/02/10	6.50	6.69	6.48	6.65	98944595	654537088.00
2015/02/11	6.65	6.74	6.57	6.61	67766156	450269536.00
2015/02/12	6.61	6.80	6.59	6.74	95511336	641661120.00
2015/02/13	6.80	6.84	6.71	6.75	89000826	603712960.00
2015/02/16	6.76	6.79	6.66	6.74	77828742	524120800.00
2015/02/17	6.75	6.97	6.72	6.93	126531967	867101504.00
2015/02/25	6.95	6.95	6.78	6.84	112284056	769140672.00
2015/02/26	6.93	7.52	6.90	7.52	297332689	2175387648.00
2015/02/27	8.24	8.24	7.85	8.10	685966058	5525020672.00
2015/03/02	8.00	8.13	7.88	8.09	455436694	3640551424.00
2015/03/03	8.00	8.39	7.85	8.17	524069668	4231300864.00
2015/03/04	8.00	8.05	7.81	7.93	276641335	2184211712.00
2015/03/05	8.05	8.07	7.60	7.75	280594790	2174049792.00
2015/03/06	7.68	7.82	7.58	7.59	153030437	1172601856.00
2015/03/09	7.50	7.69	7.39	7.63	149632482	1127286784.00
2015/03/10	7.60	7.72	7.50	7.56	116615905	884126720.00
2015/03/11	7.56	7.71	7.49	7.52	128838783	978981824.00
2015/03/12	7.51	7.74	7.45	7.65	178839842	1357342848.00
2015/03/13	7.66	7.89	7.61	7.73	215133924	1668614144.00
2015/03/16	7.77	7.82	7.62	7.78	208778899	1615393280.00
2015/03/17	7.86	8.28	7.85	8.07	395136404	3178519040.00
2015/03/18	8.11	8.20	8.01	8.14	268724572	2179325952.00
2015/03/19	8.24	8.95	8.14	8.88	710143580	6211904000.00
2015/03/20	8.73	8.80	8.57	8.67	469932157	4074110976.00
2015/03/23	8.75	9.16	8.67	9.02	460192365	4107211264.00
2015/03/24	9.13	9.46	8.76	9.23	522625616	4767437824.00
2015/03/25	9.07	9.16	8.89	8.94	359840906	3233203200.00
2015/03/26	8.95	9.05	8.65	8.78	283151828	2505390080.00
2015/03/27	8.80	9.55	8.77	9.19	478777487	4406077440.00
2015/03/30	9.47	10.11	9.40	10.11	504408413	5014979584.00
2015/03/31	10.66	10.80	9.85	9.89	802467277	8257986560.00
2015/04/01	9.91	10.26	9.91	10.06	413059965	4154266112.00
2015/04/02	10.05	10.05	9.90	9.96	271199932	2696521728.00
2015/04/03	9.92	9.93	9.75	9.83	241195240	2366192128.00
2015/04/07	9.98	10.15	9.92	9.99	259016617	2587480064.00
2015/04/08	10.00	10.98	9.90	10.58	528440601	5537094144.00
2015/04/09	10.83	10.95	10.09	10.29	389107222	4064854016.00
2015/04/10	10.29	10.50	10.13	10.39	246648879	2544256256.00
2015/04/13	10.32	10.89	10.21	10.67	415152244	4384783872.00
2015/04/14	10.67	11.19	10.40	10.88	470133611	5145810432.00
2015/04/15	10.80	11.97	10.60	11.35	634186469	7256929280.00
2015/04/24	12.49	12.49	12.49	12.49	6643560	82978064.00
2015/04/27	13.74	13.74	13.74	13.74	5511146	75723144.00
2015/04/28	15.11	15.11	15.11	15.11	47826613	722660096.00
2015/04/29	16.62	16.62	15.82	16.62	864319813	14200677376.00
2015/04/30	17.00	18.28	16.88	18.28	382662801	6790760960.00
2015/05/04	19.64	20.00	17.02	17.20	957451618	17434972160.00
2015/05/05	16.68	16.76	15.48	15.52	633061075	10158246912.00
2015/05/06	15.49	16.30	15.35	15.74	458348336	7257024512.00
2015/05/07	15.15	15.49	14.17	14.17	423821675	6196958208.00
2015/05/08	14.40	14.73	13.83	14.70	500054688	7137852928.00
2015/05/11	14.69	15.10	14.30	14.99	488506056	7214791680.00
2015/05/12	15.01	16.25	14.76	16.21	600942044	9368087552.00
2015/05/13	15.95	16.10	15.15	15.28	453572691	7054821888.00
2015/05/14	14.99	15.58	14.51	15.34	339821263	5080500224.00
2015/05/15	15.01	15.45	14.82	14.97	256220384	3860088576.00
2015/05/18	14.69	15.31	14.50	14.51	242480272	3575185664.00
2015/05/19	14.60	15.45	14.60	15.23	335463388	5066913792.00
2015/05/20	15.30	15.57	14.92	15.19	372633888	5684561920.00
2015/05/21	15.17	15.27	14.92	15.18	249789962	3766047488.00
2015/05/22	15.46	16.30	15.31	15.95	504986774	7970373120.00
2015/05/25	15.99	17.48	15.99	17.33	584073296	9688870912.00
2015/05/26	17.85	17.85	16.80	17.19	560796557	9692322816.00
2015/05/27	17.18	17.18	16.40	16.49	410578958	6821114880.00
2015/05/28	16.40	16.66	14.85	14.98	417099029	6644082688.00
2015/05/29	14.89	15.25	13.68	14.54	283352798	4124248832.00
2015/06/01	14.56	15.38	14.41	15.26	222593016	3330487296.00
2015/06/02	15.26	16.24	15.06	16.04	325379272	5123333120.00
2015/06/03	16.00	16.65	15.73	16.11	335669048	5436306944.00
2015/06/04	16.11	16.19	14.58	15.44	261244248	4015014656.00
2015/06/05	15.63	16.85	15.40	16.68	388078405	6200105472.00
2015/06/08	16.60	16.61	15.92	16.29	355459583	5787198976.00
2015/06/09	16.63	16.77	15.93	16.11	298132399	4856052224.00
2015/06/10	15.93	15.97	15.49	15.73	212565794	3341494528.00
2015/06/11	15.68	15.88	15.22	15.50	191000127	2965169152.00
2015/06/12	15.75	15.89	15.50	15.56	180394724	2820349952.00
2015/06/15	15.54	15.55	15.00	15.07	193385557	2946279168.00
2015/06/16	14.80	14.85	13.90	14.00	221014665	3156467456.00
2015/06/17	13.96	14.79	13.81	14.62	180811068	2567072512.00
2015/06/18	14.58	14.58	13.80	13.86	135887635	1925398272.00
2015/06/19	13.66	13.69	12.47	12.47	173208521	2253267456.00
2015/06/23	12.38	12.60	11.24	12.59	196944726	2377871360.00
2015/06/24	12.75	13.21	12.60	12.97	199820517	2585225728.00
2015/06/25	12.99	13.10	12.06	12.27	156191599	1996082176.00
2015/06/26	11.80	12.70	11.04	11.25	246692315	2921989120.00
2015/06/29	11.60	11.75	10.13	10.49	241052252	2634009344.00
2015/06/30	10.50	11.35	9.52	11.34	264767038	2791705344.00
2015/07/01	11.03	11.49	10.27	10.29	208780916	2307547904.00
2015/07/02	10.39	10.49	9.30	9.41	202394147	1998877824.00
2015/07/03	9.20	9.40	8.47	8.47	206475405	1806598656.00
2015/07/06	9.32	9.32	8.01	8.75	260176396	2269976064.00
2015/07/07	8.49	9.50	8.09	9.39	408700859	3673577472.00
2015/07/08	8.50	9.22	8.45	8.45	241027541	2092597120.00
2015/07/09	8.45	9.30	7.62	9.30	340464699	3012885760.00
2015/07/10	9.49	10.23	9.25	10.23	336461925	3382887424.00
2015/07/13	10.50	11.25	10.19	11.25	412715734	4462479360.00
2015/07/14	10.98	11.28	10.20	10.35	319296728	3439813888.00
2015/07/15	10.15	10.15	9.32	9.35	229677347	2202152704.00
2015/07/16	9.35	9.85	8.85	9.41	178551298	1692950272.00
2015/07/17	9.45	10.18	9.28	9.98	192264119	1880246400.00
2015/07/20	9.97	10.98	9.80	10.98	326142397	3399000064.00
2015/07/21	10.70	11.49	10.50	10.91	377252674	4160441344.00
2015/07/22	10.70	10.90	10.38	10.69	220754868	2357225472.00
2015/07/23	10.60	11.23	10.52	11.04	243839846	2681744128.00
2015/07/24	11.05	11.75	11.00	11.18	371429072	4210899712.00
2015/07/27	10.71	10.98	10.06	10.06	230844407	2443943168.00
2015/07/28	9.10	9.90	9.10	9.45	221332769	2087454208.00
2015/07/29	9.60	10.20	9.35	10.12	157185308	1524986112.00
2015/07/30	9.98	10.34	9.38	9.62	161443977	1616363776.00
2015/07/31	9.43	9.94	9.42	9.83	127137394	1233883264.00
2015/08/03	9.70	10.20	9.63	10.18	159517017	1581147264.00
2015/08/04	10.12	10.54	9.94	10.52	148653253	1533357952.00
2015/08/05	10.51	10.96	10.30	10.39	161316826	1714571520.00
2015/08/06	10.00	10.32	9.90	10.01	97572059	984276096.00
2015/08/07	10.15	10.35	10.09	10.19	84066759	859322496.00
2015/08/10	10.48	11.10	10.40	10.98	222099271	2407427584.00
2015/08/11	11.00	11.02	10.67	10.76	176978695	1917068160.00
2015/08/12	10.60	11.09	10.53	10.80	148096454	1601762304.00
2015/08/13	10.70	11.07	10.51	11.00	146719208	1588416000.00
2015/08/14	11.10	11.45	10.96	11.16	220915488	2482553344.00
2015/08/17	11.14	11.20	10.75	11.12	149271484	1639504000.00
2015/08/18	11.10	11.18	10.01	10.01	171614732	1818682624.00
2015/08/19	9.51	10.28	9.17	10.07	126177485	1230668672.00
2015/08/20	9.89	9.99	9.37	9.39	89520950	870427968.00
2015/08/21	9.30	9.48	8.71	8.83	109545173	995623424.00
2015/08/24	8.45	8.50	7.95	7.95	126766642	1017829120.00
2015/08/25	7.16	7.45	7.16	7.16	131102743	946287040.00
2015/08/26	7.20	7.39	6.51	6.54	131293713	917973120.00
2015/08/27	6.78	7.04	6.51	7.00	130665691	888947520.00
2015/08/28	7.17	7.70	7.06	7.70	171854279	1276720384.00
2015/08/31	7.77	7.86	7.26	7.79	160810093	1218960512.00
2015/09/01	7.67	7.99	7.15	7.93	185287953	1413653632.00
2015/09/02	7.58	8.59	7.39	8.39	214155259	1742499968.00
2015/09/07	8.30	8.64	7.82	7.86	153740783	1268752896.00
2015/09/08	7.70	8.06	7.28	7.97	79501897	613718848.00
2015/09/09	8.05	8.30	7.93	8.13	83790089	682215488.00
2015/09/10	8.00	8.38	7.92	8.13	71791719	585232064.00
2015/09/11	8.04	8.19	7.83	7.98	51565045	413784448.00
2015/09/14	8.14	8.34	7.38	8.07	122085442	981398464.00
2015/09/15	7.70	7.82	7.26	7.26	72147147	540496640.00
2015/09/16	7.26	7.96	7.19	7.83	73183049	549843520.00
2015/09/17	7.94	8.27	7.70	7.74	113721062	914813184.00
2015/09/18	7.74	8.04	7.67	7.88	81494190	640419840.00
2015/09/21	7.80	8.12	7.74	8.11	62457834	496478048.00
2015/09/22	8.10	8.15	7.98	8.04	61749969	497948832.00
2015/09/23	7.88	7.93	7.62	7.71	48329929	376631488.00
2015/09/24	7.80	7.90	7.68	7.81	39370596	306169856.00
2015/09/25	7.62	8.22	7.45	7.80	79535720	624026368.00
2015/09/28	7.70	7.75	7.42	7.65	40945438	311312800.00
2015/09/29	7.46	7.52	7.33	7.36	33752142	250742656.00
2015/09/30	7.39	7.53	7.36	7.37	28041378	208701824.00
2015/10/08	7.67	7.70	7.57	7.61	40122397	306481216.00
2015/10/09	7.66	7.74	7.60	7.68	35459614	271707456.00
2015/10/12	7.72	8.15	7.71	8.05	94403003	754889536.00
2015/10/13	8.00	8.07	7.88	8.05	65045585	520030944.00
2015/10/14	8.02	8.19	7.90	7.91	65629811	528368448.00
2015/10/15	7.86	8.14	7.85	8.12	79701529	641891136.00
2015/10/16	8.19	8.45	8.18	8.32	134567838	1118311424.00
2015/10/19	8.40	8.47	8.12	8.23	99254535	826660928.00
2015/10/20	8.23	9.05	8.06	8.93	151564603	1287868160.00
2015/10/21	9.00	9.80	8.65	8.98	318177475	2925131520.00
2015/10/22	8.72	9.19	8.43	9.02	169316817	1497415680.00
2015/10/23	8.93	9.03	8.79	8.91	96359864	857236160.00
2015/10/26	9.03	9.27	8.62	8.92	101801036	919152960.00
2015/10/27	8.80	8.90	8.39	8.76	93201532	807084160.00
2015/10/28	8.71	8.87	8.40	8.47	73340827	634092608.00
2015/10/29	8.53	8.66	8.40	8.51	53484430	455953792.00
2015/10/30	8.44	8.71	8.43	8.55	61049829	525896736.00
2015/11/02	8.41	8.78	8.38	8.47	62109752	531482336.00
2015/11/03	8.43	8.56	8.29	8.33	47072969	396572160.00
2015/11/04	8.30	8.74	8.27	8.72	91047800	781538624.00
2015/11/05	8.72	9.59	8.67	9.37	377975571	3546396928.00
2015/11/06	9.16	9.53	9.08	9.43	260322608	2414735104.00
2015/11/09	9.25	9.99	9.25	9.53	229511672	2213986560.00
2015/11/10	9.38	9.62	9.35	9.49	126215301	1194069632.00
2015/11/11	9.53	9.59	9.28	9.40	104534995	984124992.00
2015/11/12	9.43	9.48	9.11	9.20	99507077	922120064.00
2015/11/13	9.11	9.36	9.06	9.08	87541374	805641344.00
2015/11/16	8.90	9.28	8.80	9.22	68666558	620572608.00
2015/11/17	9.27	9.47	9.10	9.14	101002303	939942976.00
2015/11/18	9.13	9.30	8.98	9.06	79220489	722741056.00
2015/11/19	9.11	9.21	9.02	9.19	48134108	438057568.00
2015/11/20	9.22	9.35	9.10	9.16	67266278	619312384.00
2015/11/23	9.31	9.38	9.14	9.20	84972664	786722112.00
2015/11/24	9.16	9.23	8.96	9.09	57196603	517536032.00
2015/11/25	9.06	9.14	9.00	9.09	55249109	500502144.00
2015/11/26	9.14	9.21	9.01	9.02	60622934	551611968.00
2015/11/27	8.99	8.99	8.12	8.17	119191488	1021290432.00
2015/11/30	8.18	8.25	7.61	8.00	75321482	599985088.00
2015/12/01	8.02	8.35	7.90	8.17	54146076	439110368.00
2015/12/02	8.11	8.65	8.08	8.58	99874817	839033216.00
2015/12/03	8.50	8.65	8.36	8.56	69286774	589397696.00
2015/12/04	8.50	8.54	8.25	8.29	62225872	521329792.00
2015/12/07	8.29	8.35	8.19	8.30	31852164	263625984.00
2015/12/08	8.23	8.26	8.01	8.02	39709931	321652544.00
2015/12/09	8.01	8.08	7.96	8.01	29507624	236461904.00
2015/12/10	8.01	8.07	7.92	7.96	27488330	219804880.00
2015/12/11	7.90	7.95	7.83	7.91	27966111	220515152.00
2015/12/14	7.80	8.22	7.76	8.19	42824509	344458496.00
2015/12/15	8.17	8.22	8.06	8.09	32055224	260899776.00
2015/12/16	8.14	8.26	8.12	8.14	36323790	297431744.00
2015/12/17	8.22	8.37	8.18	8.25	51401073	425225472.00
2015/12/18	8.26	8.35	8.16	8.19	42352237	349568160.00
2015/12/21	8.13	8.44	8.10	8.36	62594832	520416608.00
2015/12/22	8.38	8.38	8.24	8.33	42013530	348377312.00
2015/12/23	8.34	8.44	8.29	8.33	59279264	496596032.00
2015/12/24	8.29	8.33	8.01	8.08	45329672	369318432.00
2015/12/25	8.10	8.24	8.07	8.17	28095450	229076000.00
2015/12/28	8.19	8.24	7.90	7.91	49061992	394720608.00
2015/12/29	7.92	8.00	7.87	8.00	24402423	193525600.00
2015/12/30	7.98	8.03	7.93	7.99	21285952	169784080.00
2015/12/31	7.97	8.10	7.95	8.03	33428689	268600992.00
2016/01/04	8.00	8.00	7.30	7.33	29845326	230643424.00
2016/01/05	7.09	7.52	7.00	7.29	46333278	335815520.00
2016/01/06	7.30	7.55	7.30	7.51	40379947	299859776.00
2016/01/07	7.40	7.40	6.80	6.85	11347800	80827368.00
2016/01/08	7.03	7.17	6.61	7.01	48092426	336551776.00
2016/01/11	6.97	7.36	6.81	6.86	61016988	433173728.00
2016/01/12	6.96	7.19	6.76	7.02	44573299	309392608.00
2016/01/13	7.08	7.10	6.69	6.71	36208889	251064480.00
2016/01/14	6.51	6.90	6.41	6.86	34762876	233430032.00
2016/01/15	6.80	6.87	6.42	6.50	33453614	222066144.00
2016/01/18	6.37	6.62	6.34	6.45	30155349	195646176.00
2016/01/19	6.45	7.10	6.42	7.10	58031620	401597216.00
2016/01/20	7.35	7.56	7.20	7.24	151530879	1119847808.00
2016/01/21	7.01	7.21	6.81	6.82	74060121	521797120.00
2016/01/22	6.94	7.15	6.81	7.03	58429819	408105024.00
2016/01/25	7.05	7.11	6.97	7.03	35475723	249765088.00
2016/01/26	6.93	6.99	6.33	6.43	44466177	296846336.00
2016/01/27	6.52	6.57	6.05	6.35	49131662	311428640.00
2016/01/28	6.30	6.35	5.93	6.02	36147386	222382016.00
2016/01/29	6.00	6.40	6.00	6.31	42080850	264644000.00
2016/02/01	6.29	6.31	6.00	6.10	29147839	179571376.00
2016/02/02	6.11	6.36	6.11	6.27	32500770	204316704.00
2016/02/03	6.20	6.34	6.11	6.26	37038814	230769232.00
2016/02/04	6.34	6.43	6.26	6.33	32869871	208261216.00
2016/02/05	6.37	6.44	6.30	6.32	31411089	200094992.00
2016/02/15	6.15	6.27	6.06	6.21	19306839	118802192.00
2016/02/16	6.27	6.49	6.20	6.42	41521581	265460720.00
2016/02/17	6.41	6.83	6.38	6.69	81599462	543973824.00
2016/02/18	6.69	6.75	6.57	6.60	51038763	338941760.00
2016/02/19	6.58	6.67	6.55	6.61	29844883	196973776.00
2016/02/22	6.71	6.84	6.64	6.80	55947485	377587616.00
2016/02/23	6.76	6.81	6.57	6.64	35946520	239517136.00
2016/02/24	6.61	6.79	6.51	6.72	42089366	280706336.00
2016/02/25	6.72	6.72	6.05	6.06	60135651	382980768.00
2016/02/26	6.16	6.21	6.02	6.12	34829935	213674720.00
2016/02/29	6.12	6.18	5.60	5.89	46706949	271724992.00
2016/03/01	5.93	6.07	5.83	6.02	31091003	185529328.00
2016/03/02	6.08	6.38	6.02	6.33	56918784	353823552.00
2016/03/03	6.31	6.39	6.26	6.31	48734501	308224864.00
2016/03/04	6.26	6.45	6.21	6.45	90200764	573302464.00
2016/03/07	6.53	6.60	6.41	6.47	40251298	261652880.00
2016/03/08	6.45	6.48	6.20	6.47	34674053	218954800.00
2016/03/09	6.35	6.48	6.23	6.47	32488521	206246176.00
2016/03/10	6.40	6.46	6.21	6.22	17879960	113328696.00
2016/03/11	6.21	6.32	6.16	6.30	19476781	121866824.00
2016/03/14	6.38	6.49	6.33	6.41	32715600	210431968.00
2016/03/15	6.41	6.47	6.28	6.44	32046475	204863936.00
2016/03/16	6.41	6.57	6.36	6.53	67246671	438319968.00
2016/03/17	6.57	6.63	6.48	6.57	45205391	296703904.00
2016/03/18	6.63	6.70	6.54	6.59	97552750	645099072.00
2016/03/21	6.62	7.07	6.61	6.81	120390416	821172480.00
2016/03/22	6.73	6.78	6.64	6.69	59461323	399175744.00
2016/03/23	6.65	6.72	6.57	6.64	36338399	240999920.00
2016/03/24	6.59	6.73	6.54	6.56	37650766	249456768.00
2016/03/25	6.55	6.61	6.50	6.57	23863574	156490288.00
2016/03/28	6.60	6.68	6.50	6.52	27826162	183612960.00
2016/03/29	6.54	6.55	6.26	6.31	42763451	272545984.00
2016/03/30	6.38	6.47	6.33	6.46	31561396	202626784.00
2016/03/31	6.50	6.55	6.44	6.46	38508628	249864208.00
2016/04/01	6.44	6.51	6.32	6.49	35172307	226285856.00
2016/04/05	6.45	7.07	6.44	6.73	122061947	830324288.00
2016/04/06	6.68	6.76	6.63	6.69	56827629	380528832.00
2016/04/07	6.73	6.80	6.62	6.63	50571462	339692000.00
2016/04/08	6.58	6.60	6.39	6.50	34096589	221860800.00
2016/04/11	6.56	6.76	6.56	6.63	35591956	237287024.00
2016/04/12	6.63	6.68	6.55	6.59	23794603	157171680.00
2016/04/13	6.64	6.81	6.64	6.68	63492909	427941856.00
2016/04/14	6.73	6.76	6.66	6.73	32698918	219321328.00
2016/04/15	6.72	6.76	6.63	6.67	27055759	181030480.00
2016/04/18	6.63	6.64	6.54	6.55	25148817	165199808.00
2016/04/19	6.61	6.64	6.53	6.56	17181989	112878496.00
2016/04/20	6.62	6.62	6.17	6.40	46457180	295883904.00
2016/04/21	6.31	6.40	6.25	6.27	22009684	139183168.00
2016/04/22	6.25	6.30	6.20	6.26	13873178	86640208.00
2016/04/25	6.27	6.27	6.15	6.20	11814212	73119648.00
2016/04/26	6.23	6.35	6.21	6.29	16424902	103046904.00
2016/05/11	6.26	6.54	6.00	6.28	55027224	341806272.00
2016/05/12	6.12	6.20	5.93	6.07	28629925	174073216.00
2016/05/13	6.02	6.16	6.00	6.01	18251995	110652096.00
2016/05/16	6.00	6.05	5.96	6.03	19132055	114814712.00
2016/05/17	6.03	6.06	5.97	5.99	14891774	89478400.00
2016/05/18	5.99	5.99	5.78	5.89	24299827	142627952.00
2016/05/19	5.87	5.94	5.85	5.86	10350381	60975460.00
2016/05/20	5.84	5.89	5.78	5.88	14557575	85028360.00
2016/05/23	5.90	5.93	5.84	5.88	16944136	99705544.00
2016/05/24	5.88	5.89	5.79	5.81	11553520	67185384.00
2016/05/25	5.84	5.86	5.78	5.79	12540935	72895648.00
2016/05/26	5.77	5.83	5.69	5.76	14040644	80599264.00
2016/05/27	5.76	5.80	5.72	5.79	15213452	87805704.00
2016/05/30	5.78	5.89	5.73	5.84	18022114	105154256.00
2016/05/31	5.81	6.02	5.80	6.01	38357044	228552176.00
2016/06/01	6.00	6.10	5.97	5.99	28358874	170828080.00
2016/06/02	5.98	6.00	5.92	5.96	18999318	113106264.00
2016/06/03	5.99	6.03	5.93	5.98	18632187	111243536.00
2016/06/06	5.98	6.04	5.93	5.95	16479269	98224352.00
2016/06/07	5.97	5.99	5.93	5.95	12993513	77403472.00
2016/06/08	5.95	5.96	5.90	5.93	15705599	93133440.00
2016/06/13	5.85	5.87	5.70	5.71	22231890	128973240.00
2016/06/14	5.70	5.75	5.66	5.71	13405770	76504392.00
2016/06/15	5.65	5.80	5.62	5.75	19497968	111954368.00
2016/06/16	5.77	5.82	5.67	5.69	28243866	162343744.00
2016/06/17	5.69	5.75	5.64	5.67	48211764	274064096.00
2016/06/20	5.68	5.70	5.64	5.66	15708231	88863144.00
2016/06/21	5.68	5.72	5.63	5.65	22740491	129233632.00
2016/06/22	5.64	5.68	5.63	5.68	13938784	78854760.00
2016/06/23	5.68	5.68	5.62	5.64	18026856	101721104.00
2016/06/24	5.64	5.70	5.40	5.54	31328612	174635216.00
2016/06/27	5.51	5.58	5.50	5.57	17292290	96103128.00
2016/06/28	5.55	5.60	5.53	5.60	17725948	98706256.00
2016/06/29	5.60	5.96	5.60	5.78	68449847	398247200.00
2016/06/30	5.79	5.80	5.68	5.71	30570972	174696976.00
2016/07/01	5.72	5.74	5.68	5.68	15522216	88423424.00
2016/07/04	5.69	5.86	5.68	5.81	37340820	216413680.00
2016/07/05	5.81	6.05	5.80	6.00	81694187	487374080.00
2016/07/06	5.95	5.95	5.85	5.90	40507626	238610480.00
2016/07/07	5.91	5.96	5.86	5.91	27090575	160102704.00
2016/07/08	5.89	5.92	5.85	5.86	19342459	113598992.00
2016/07/11	5.89	5.93	5.85	5.87	26783628	157733056.00
2016/07/12	5.86	5.99	5.85	5.98	48050237	284671552.00
2016/07/13	6.00	6.17	5.97	6.04	68384698	415268544.00
2016/07/14	5.95	5.96	5.89	5.91	31949559	188922864.00
2016/07/15	5.96	6.01	5.89	5.92	32742392	194638016.00
2016/07/18	5.92	5.94	5.85	5.87	26926408	158798720.00
2016/07/19	5.87	5.91	5.85	5.89	16330162	95969096.00
2016/07/20	5.87	5.94	5.87	5.90	18817405	111151696.00
2016/07/21	5.89	5.94	5.89	5.89	19186262	113442344.00
2016/07/22	5.90	5.90	5.80	5.82	21532077	125695240.00
2016/07/25	5.81	5.85	5.79	5.82	11727199	68179560.00
2016/07/26	5.80	5.87	5.80	5.86	15885889	92647608.00
2016/07/27	5.87	5.92	5.57	5.80	42562247	245925040.00
2016/07/28	5.76	5.91	5.72	5.83	29241704	170259568.00
2016/07/29	5.82	6.08	5.79	5.95	82677598	494393632.00
2016/08/01	5.89	5.92	5.73	5.78	49662966	288341952.00
2016/08/02	5.78	5.82	5.75	5.81	19861131	114959792.00
2016/08/03	5.79	5.85	5.77	5.80	20323453	118001264.00
2016/08/04	5.80	5.80	5.72	5.77	20555292	118285248.00
2016/08/05	5.76	5.79	5.72	5.73	17715613	101825976.00
2016/08/08	5.72	5.82	5.70	5.81	20027330	115534312.00
2016/08/09	5.80	6.02	5.78	5.98	68212559	406061184.00
2016/08/10	5.97	6.04	5.92	5.96	36138869	215936160.00
2016/08/11	5.93	5.98	5.87	5.88	28252872	167295984.00
2016/08/12	5.87	6.07	5.87	6.04	48132179	287577184.00
2016/08/15	6.10	6.29	6.09	6.24	116874894	726083008.00
2016/08/16	6.23	6.56	6.19	6.38	116882680	751503872.00
2016/08/17	6.32	6.49	6.20	6.36	73600989	466851264.00
2016/08/18	6.42	6.56	6.30	6.35	64090451	411590912.00
2016/08/19	6.32	6.63	6.25	6.50	91355999	589664000.00
2016/08/22	6.50	6.53	6.27	6.28	60652407	387850944.00
2016/08/23	6.28	6.39	6.22	6.28	30290326	190787552.00
2016/08/24	6.28	6.37	6.26	6.28	19806219	124943440.00
2016/08/25	6.22	6.24	6.11	6.17	26027780	160728448.00
2016/08/26	6.20	6.29	6.18	6.20	20749118	129274960.00
2016/08/29	6.18	6.40	6.12	6.34	38233551	241597712.00
2016/08/30	6.30	6.38	6.25	6.30	23410225	147325632.00
2016/08/31	6.30	6.32	6.25	6.29	15925402	99933640.00
2016/09/01	6.27	6.34	6.15	6.15	33535166	209033344.00
2016/09/02	6.15	6.26	6.13	6.25	28763757	178153232.00
2016/09/05	6.27	6.30	6.18	6.19	22933730	143063664.00
2016/09/06	6.20	6.26	6.11	6.26	25055266	154984016.00
2016/09/07	6.27	6.44	6.25	6.33	55783050	355740512.00
2016/09/08	6.33	6.33	6.27	6.32	26505490	167038032.00
2016/09/09	6.31	6.42	6.28	6.37	45064672	287224416.00
2016/09/12	6.33	6.45	6.21	6.44	60792229	384364288.00
2016/09/13	6.42	6.47	6.31	6.38	38330659	244326496.00
2016/09/14	6.32	6.37	6.25	6.27	26055529	164029552.00
2016/09/19	6.27	6.34	6.24	6.28	19207245	120661648.00
2016/09/20	6.26	6.33	6.25	6.26	16411327	102986416.00
2016/09/21	6.27	6.28	6.21	6.23	17438413	108751688.00
2016/09/22	6.26	6.28	6.22	6.23	17910438	111886840.00
2016/09/23	6.24	6.26	6.20	6.21	10927062	68066608.00
2016/09/26	6.20	6.20	6.04	6.05	19504101	119352096.00
2016/09/27	6.04	6.09	5.98	6.05	19687917	118473088.00
2016/09/28	6.06	6.06	5.98	5.99	11329988	68086816.00
2016/09/29	6.00	6.07	5.97	5.98	15282948	91869816.00
2016/09/30	5.96	6.01	5.96	5.98	8936971	53540688.00
2016/10/10	6.01	6.09	6.01	6.08	14731817	89250968.00
2016/10/11	6.08	6.12	6.07	6.10	13568437	82697304.00
2016/10/12	6.09	6.09	6.04	6.06	13490828	81750896.00
2016/10/13	6.05	6.16	6.04	6.15	30519104	186276608.00
2016/10/14	6.13	6.25	6.09	6.24	53478518	331562368.00
2016/10/17	6.24	6.31	6.15	6.17	40085418	249659792.00
2016/10/18	6.16	6.59	6.15	6.49	111645251	716136768.00
2016/10/19	6.49	6.59	6.41	6.44	68230265	443307392.00
2016/10/20	6.41	6.46	6.36	6.41	37166662	237868608.00
2016/10/21	6.41	7.05	6.38	7.05	307558311	2130426752.00
2016/10/24	7.04	7.49	7.00	7.32	336581016	2451852544.00
2016/10/25	7.25	7.28	7.07	7.21	196729092	1408669056.00
2016/10/26	7.12	7.38	7.09	7.14	174477341	1263092096.00
2016/10/27	7.08	7.14	6.93	7.05	110583322	776343808.00
2016/10/28	7.01	7.08	6.83	6.84	102526132	710559808.00
2016/10/31	6.81	6.89	6.73	6.79	76109965	516244192.00
2016/11/01	6.81	6.86	6.75	6.84	75263698	512412096.00
2016/11/02	6.82	6.82	6.62	6.65	86300371	578257216.00
2016/11/03	6.63	7.16	6.63	7.08	201492819	1399021184.00
2016/11/04	7.00	7.24	6.91	7.02	138302808	973296128.00
2016/11/07	6.99	7.08	6.88	7.00	63994245	447119296.00
2016/11/08	7.05	7.22	6.92	6.99	93623904	661567936.00
2016/11/09	6.93	7.14	6.81	6.93	95742374	665940736.00
2016/11/10	7.02	7.30	7.02	7.11	123567616	885103680.00
2016/11/11	7.07	7.48	7.05	7.27	187404967	1370405760.00
2016/11/14	7.22	7.60	7.21	7.46	210260308	1562586496.00
2016/11/15	7.44	7.45	7.27	7.30	104172127	763512384.00
2016/11/16	7.31	7.34	7.16	7.23	66254824	478425856.00
2016/11/17	7.20	7.73	7.16	7.55	142894563	1065664960.00
2016/11/18	7.57	7.63	7.34	7.37	108640557	813545344.00
2016/11/21	7.38	7.76	7.35	7.57	158837415	1205400192.00
2016/11/22	7.51	7.75	7.46	7.61	145877042	1111328896.00
2016/11/23	7.60	7.69	7.46	7.49	90347299	682448320.00
2016/11/24	7.53	7.60	7.45	7.52	81835967	614523200.00
2016/11/25	7.51	7.64	7.27	7.61	115391443	860548608.00
2016/11/28	7.59	8.07	7.57	7.94	220507196	1733061248.00
2016/11/29	7.81	8.73	7.75	8.38	346137959	2857050112.00
2016/11/30	8.22	8.44	8.00	8.04	192377252	1565857152.00
2016/12/01	8.00	8.13	7.92	8.03	117680430	943713856.00
2016/12/02	8.00	8.26	7.93	8.18	156616441	1270195712.00
2016/12/05	7.92	7.97	7.36	7.40	215314268	1635709952.00
2016/12/06	7.32	7.51	7.30	7.36	93379800	690211072.00
2016/12/07	7.37	7.43	7.20	7.41	72001815	526840576.00
2016/12/08	7.39	7.39	7.20	7.22	71872184	523933856.00
2016/12/09	7.21	7.47	7.16	7.39	137389356	1009745600.00
2016/12/12	7.32	7.33	6.95	7.16	121215132	864101952.00
2016/12/13	7.09	7.17	7.00	7.12	60272479	427696512.00
2016/12/14	7.09	7.11	6.83	6.87	82643084	573494464.00
2016/12/15	6.89	6.99	6.85	6.90	48962370	338561440.00
2016/12/16	6.87	6.99	6.84	6.94	48606932	336186304.00
2016/12/19	6.93	7.05	6.90	6.96	39330362	274654240.00
2016/12/20	6.96	7.04	6.86	6.96	37242986	258515552.00
2016/12/21	6.99	7.22	6.96	7.17	94962193	674633024.00
2016/12/22	7.14	7.28	7.11	7.16	60184471	432390784.00
2016/12/23	7.12	7.21	7.08	7.13	47873518	342137792.00
2016/12/26	7.07	7.38	6.89	7.27	78219878	559419648.00
2016/12/27	7.25	7.40	7.24	7.26	75152175	550451456.00
2016/12/28	7.25	7.26	7.10	7.15	44242293	316568032.00
2016/12/29	7.14	7.39	7.08	7.33	80838684	587540096.00
2016/12/30	7.28	7.35	7.15	7.26	62155111	450668768.00
2017/01/03	7.26	7.32	7.23	7.26	47384837	344420672.00
2017/01/04	7.26	7.35	7.23	7.31	62545005	456327200.00
2017/01/05	7.27	7.31	7.18	7.21	56264123	406656960.00
2017/01/06	7.18	7.24	7.10	7.13	49598154	356657024.00
2017/01/09	7.16	7.26	7.14	7.25	49331188	355021440.00
2017/01/10	7.24	7.24	7.10	7.11	43745322	313530432.00
2017/01/11	7.09	7.23	6.96	7.10	76554256	542795776.00
2017/01/12	7.05	7.16	7.03	7.04	46748434	331392096.00
2017/01/13	7.01	7.09	6.96	7.04	45395359	319122944.00
2017/01/16	7.02	7.14	6.78	7.08	107562385	749967744.00
2017/01/17	7.06	7.07	6.95	7.02	24782696	173490992.00
2017/01/18	7.02	7.16	7.00	7.07	49030151	348538464.00
2017/01/19	7.05	7.13	7.01	7.04	29495128	208515856.00
2017/01/20	7.02	7.11	7.01	7.09	24399482	172534896.00
2017/01/23	7.09	7.14	7.07	7.10	32133666	228179584.00
2017/01/24	7.10	7.43	7.07	7.26	71634800	516877312.00
2017/01/25	7.22	7.35	7.19	7.33	65672275	478793344.00
2017/01/26	7.34	7.36	7.20	7.25	56282698	408341440.00
2017/02/03	7.24	7.26	7.20	7.21	23619529	170706608.00
2017/02/06	7.21	7.35	7.20	7.24	80443455	585152704.00
2017/02/07	7.24	7.26	7.14	7.18	46107170	331191712.00
2017/02/08	7.17	7.19	7.08	7.17	46343544	330762848.00
2017/02/09	7.17	7.32	7.15	7.30	117069698	851430720.00
2017/02/10	7.33	7.66	7.30	7.50	213012854	1597848832.00
2017/02/13	7.53	7.74	7.46	7.53	121665756	920230976.00
2017/02/14	7.54	7.70	7.49	7.69	112224458	854022208.00
2017/02/15	7.66	7.66	7.50	7.52	85283099	646290176.00
2017/02/16	7.50	7.80	7.48	7.72	111635834	852690496.00
2017/02/17	7.75	7.75	7.52	7.55	89958205	684889792.00
2017/02/20	7.56	7.75	7.56	7.74	101652570	781291648.00
2017/02/21	7.77	7.79	7.66	7.73	64981645	501137984.00
2017/02/22	7.71	7.75	7.62	7.70	63248963	485595488.00
2017/02/23	7.69	7.73	7.55	7.61	68066439	518386944.00
2017/02/24	7.58	7.61	7.49	7.61	51758495	390634368.00
2017/02/27	7.60	7.72	7.52	7.56	55794929	425093824.00
2017/02/28	7.57	7.62	7.50	7.61	48256706	364752320.00
2017/03/01	7.60	7.67	7.54	7.56	61148957	465174368.00
2017/03/02	7.57	7.62	7.41	7.44	54352129	409274624.00
2017/03/03	7.42	7.44	7.31	7.42	66652358	491557920.00
2017/03/06	7.40	7.44	7.36	7.41	40244091	297732288.00
2017/03/07	7.40	7.42	7.33	7.37	40404678	297575456.00
2017/03/08	7.37	7.48	7.36	7.39	42240650	313568960.00
2017/03/09	7.38	7.38	7.27	7.35	38988020	285068288.00
2017/03/10	7.34	7.34	7.27	7.28	26642744	194300256.00
2017/03/13	7.25	7.34	7.17	7.31	45028950	327104192.00
2017/03/14	7.29	7.35	7.27	7.31	29685843	217067568.00
2017/03/15	7.31	7.37	7.23	7.31	36145378	263951584.00
2017/03/16	7.36	7.42	7.33	7.38	44317395	326637824.00
2017/03/17	7.42	7.44	7.32	7.34	42855609	316617824.00
2017/03/20	7.33	7.49	7.33	7.45	51544855	382989664.00
2017/03/21	7.45	7.66	7.42	7.59	102547855	777639680.00
2017/03/22	7.57	7.80	7.53	7.66	135453256	1042373184.00
2017/03/23	7.64	7.68	7.49	7.64	79466421	603618048.00
2017/03/24	7.63	8.15	7.55	7.98	195228932	1532871040.00
2017/03/27	7.90	8.06	7.83	7.85	141255198	1121161216.00
2017/03/28	7.84	7.97	7.81	7.82	91793375	723577216.00
2017/03/29	7.83	7.99	7.79	7.83	104962175	828707584.00
2017/03/30	7.80	8.07	7.77	7.82	135625024	1069895360.00
2017/03/31	7.80	7.85	7.63	7.68	85099396	654346688.00
2017/04/05	7.86	8.35	7.82	8.27	258274055	2086916992.00
2017/04/06	8.25	8.53	8.16	8.40	207206388	1727071488.00
2017/04/07	8.36	8.40	8.18	8.27	107339301	889968000.00
2017/04/10	8.31	8.45	8.16	8.21	128697390	1066371904.00
2017/04/11	8.21	8.46	8.12	8.38	160018410	1325145600.00
2017/04/12	8.33	8.33	8.14	8.19	82516540	678422912.00
2017/04/13	8.17	8.39	8.11	8.23	93241380	765032512.00
2017/04/14	8.23	8.50	8.19	8.27	157981943	1320689920.00
2017/04/17	8.29	8.55	8.23	8.53	195523691	1649173248.00
2017/04/18	8.53	8.65	8.37	8.42	168491781	1431120768.00
2017/04/19	8.39	8.50	8.11	8.29	159019306	1321075456.00
2017/04/20	8.23	8.59	8.20	8.56	153333697	1291042560.00
2017/04/21	8.65	8.73	8.39	8.56	148826400	1273660160.00
2017/04/24	8.46	8.48	7.81	8.09	172700798	1402312576.00
2017/04/25	8.02	8.09	7.83	7.98	72334606	576415232.00
2017/04/26	7.98	8.04	7.91	8.04	55589199	443748032.00
2017/04/27	7.97	8.25	7.80	8.19	111012736	894719552.00
2017/04/28	8.11	8.33	8.11	8.32	86804116	715644352.00
2017/05/02	8.38	8.57	8.31	8.42	99632723	840882624.00
2017/05/03	8.35	8.47	8.11	8.18	105127548	870038016.00
2017/05/04	8.14	9.00	8.05	8.69	253958206	2187649536.00
2017/05/05	8.60	8.86	8.56	8.75	221819514	1937530112.00
2017/05/08	8.70	8.85	8.26	8.63	243073007	2078879360.00
2017/05/09	8.48	8.58	8.29	8.46	98834528	832777792.00
2017/05/10	8.48	8.58	8.00	8.04	142413265	1182195456.00
2017/05/11	7.85	8.32	7.82	8.25	128066043	1034082048.00
2017/05/12	8.20	8.27	8.05	8.09	88616595	721733440.00
2017/05/15	8.17	8.23	7.94	7.98	86006043	691215424.00
2017/05/16	7.93	7.96	7.65	7.95	92487824	722173568.00
2017/05/17	7.92	8.10	7.88	8.03	67414913	541091648.00
2017/05/18	7.95	8.02	7.77	7.83	70070666	551150976.00
2017/05/19	7.82	7.87	7.66	7.75	60638012	469607712.00
2017/05/22	7.73	7.75	7.36	7.55	91209062	686147712.00
2017/05/23	7.48	7.66	7.36	7.65	71388706	537237888.00
2017/05/24	7.56	7.65	7.48	7.65	35938422	272162496.00
2017/05/25	7.60	7.77	7.52	7.69	53903494	413984320.00
2017/05/26	7.68	8.03	7.65	7.86	79114332	620682112.00
2017/05/31	7.91	7.98	7.80	7.94	67800714	534606080.00
2017/06/01	7.90	8.02	7.83	8.00	74771663	595763264.00
2017/06/02	7.96	8.00	7.85	7.95	39474667	313477248.00
2017/06/05	7.96	7.98	7.86	7.89	27776943	219895824.00
2017/06/06	7.86	7.93	7.84	7.92	24568369	193757232.00
2017/06/07	7.93	8.02	7.90	8.02	38379350	306329792.00
2017/06/08	8.02	8.02	7.93	7.93	26877956	214040240.00
2017/06/09	7.89	8.17	7.89	8.11	80778768	654249408.00
2017/06/12	8.11	8.13	8.03	8.09	39363558	317971904.00
2017/06/13	8.06	8.15	8.01	8.08	29226657	235817008.00
2017/06/14	8.06	8.07	7.88	7.92	45703002	363082432.00
2017/06/15	7.92	7.97	7.90	7.91	25985365	205899824.00
2017/06/16	7.91	7.94	7.75	7.78	34875876	273050784.00
2017/06/19	7.77	7.88	7.77	7.83	22214159	173929120.00
2017/06/20	7.84	7.87	7.77	7.78	25581228	199638336.00
2017/06/21	7.84	7.92	7.80	7.89	33911558	266827824.00
2017/06/22	7.89	8.03	7.85	7.93	57090407	453696544.00
2017/06/23	7.92	8.00	7.84	7.99	45707658	362432992.00
2017/06/26	7.95	8.06	7.94	8.00	42398382	339592352.00
2017/06/27	8.00	8.05	7.95	8.03	37499237	300141152.00
2017/06/28	8.00	8.06	7.92	7.94	37636332	300367712.00
2017/06/29	7.93	7.97	7.91	7.93	22085473	175205616.00
2017/06/30	7.90	7.97	7.82	7.92	33329600	263282000.00
2017/07/03	7.90	7.95	7.88	7.91	21388015	169235408.00
2017/07/04	7.92	7.95	7.83	7.94	34003979	268565472.00
2017/07/05	7.91	7.94	7.87	7.93	21388092	169009488.00
2017/07/06	7.92	7.95	7.86	7.91	25644874	202723232.00
2017/07/07	7.90	7.94	7.85	7.90	24290242	191760704.00
2017/07/10	7.90	8.03	7.86	8.01	46729320	372285056.00
2017/07/11	7.99	8.05	7.96	7.98	32733091	262028000.00
2017/07/12	7.97	8.17	7.95	8.15	79359805	643843392.00
2017/07/13	8.16	8.32	8.11	8.25	79087049	651655744.00
2017/07/14	8.19	8.22	8.11	8.18	42465215	346688800.00
2017/07/17	8.15	8.25	7.80	8.08	70651519	569244864.00
2017/07/18	8.04	8.30	8.01	8.30	85261930	698028352.00
2017/07/19	8.26	8.40	8.21	8.29	115133232	955354432.00
2017/07/20	8.29	8.40	8.26	8.35	72117952	602423040.00
2017/07/21	8.34	8.45	8.27	8.30	60504033	506059232.00
2017/07/24	8.27	8.32	8.15	8.17	64974341	534953760.00
2017/07/25	8.14	8.19	8.08	8.13	41201018	334497536.00
2017/07/26	8.13	8.29	8.06	8.26	49350098	403648320.00
2017/07/27	8.26	8.26	8.06	8.15	52213135	424476256.00
2017/07/28	8.11	8.17	8.10	8.11	23566031	191592832.00
2017/07/31	8.11	8.19	8.07	8.11	44761232	363397024.00
2017/08/01	8.10	8.18	8.08	8.18	48004801	391006656.00
2017/08/02	8.16	8.22	8.00	8.02	61133519	495885856.00
2017/08/03	8.00	8.08	7.90	7.95	39255337	313423840.00
2017/08/04	7.95	7.99	7.90	7.91	27904059	221546080.00
2017/08/07	7.91	7.94	7.86	7.93	19851101	156857552.00
2017/08/08	7.94	8.04	7.92	7.98	30036640	239935040.00
2017/08/09	8.00	8.01	7.90	7.91	23717292	188185408.00
2017/08/10	7.89	8.05	7.83	8.00	38631970	306273696.00
2017/08/11	7.95	8.00	7.85	7.98	44740044	355403104.00
2017/08/14	7.97	8.11	7.92	8.07	41379615	332475936.00
2017/08/15	8.06	8.12	8.02	8.04	17002734	136964368.00
2017/08/16	8.03	8.05	7.93	7.96	18381707	146441296.00
2017/08/17	7.95	8.27	7.93	8.26	93365637	761608128.00
2017/08/18	8.20	8.34	8.18	8.22	85986697	710966464.00
2017/08/21	8.29	8.29	8.14	8.20	41346618	338515584.00
2017/08/22	8.19	8.21	8.11	8.17	33723447	275365376.00
2017/08/23	8.17	8.20	8.09	8.09	28449463	231402224.00
2017/08/24	8.08	8.12	8.00	8.02	22133856	178407872.00
2017/08/25	8.01	8.40	8.00	8.27	65895566	540109888.00
2017/08/28	8.25	8.38	8.23	8.29	90621268	752444032.00
2017/08/29	8.33	8.36	8.23	8.27	32348906	268263088.00
2017/08/30	8.28	8.31	8.22	8.26	46434844	383752096.00
2017/08/31	8.26	8.31	8.13	8.19	36374429	297793696.00
2017/09/01	8.18	8.20	8.06	8.12	47848135	388884800.00
2017/09/04	8.13	8.17	8.09	8.15	31742912	258047168.00
2017/09/05	8.14	8.17	8.08	8.09	23444062	190237280.00
2017/09/06	8.08	8.90	8.05	8.37	278820734	2363829760.00
2017/09/07	8.33	8.39	8.21	8.24	87031936	722861696.00
2017/09/08	8.22	8.29	8.14	8.17	47550839	389855744.00
2017/09/11	8.17	8.26	8.15	8.17	44833813	367375904.00
2017/09/12	8.19	8.22	8.11	8.16	51562743	420385632.00
2017/09/13	8.13	8.22	8.11	8.16	45315718	369535584.00
2017/09/14	8.16	8.19	8.10	8.13	37307508	303762592.00
2017/09/15	8.15	8.25	8.13	8.17	48880629	400510976.00
2017/09/18	8.20	8.29	8.14	8.17	41790459	342922016.00
2017/09/19	8.17	8.23	8.13	8.16	31267149	255570464.00
2017/09/20	8.16	8.16	8.08	8.12	34693978	281409568.00
2017/09/21	8.14	8.21	8.10	8.12	34643901	282124032.00
2017/09/22	8.10	8.17	8.00	8.13	56302582	454637344.00
2017/09/25	8.10	8.19	8.03	8.16	42882427	348561792.00
2017/09/26	8.13	8.22	8.13	8.16	23926310	195625792.00
2017/09/27	8.16	8.19	8.10	8.11	14833783	120600672.00
2017/09/28	8.11	8.14	8.03	8.09	23315100	188367056.00
2017/09/29	8.07	8.10	8.01	8.03	20635695	166146128.00
2017/10/09	8.08	8.12	8.01	8.01	34502779	278030688.00
2017/10/10	8.03	8.05	8.01	8.04	15305420	122867280.00
2017/10/11	8.04	8.07	8.00	8.02	19766961	158681296.00
2017/10/12	8.01	8.03	7.91	7.93	27929929	222249744.00
2017/10/13	7.92	7.95	7.88	7.92	20723698	163934320.00
2017/10/16	7.91	7.98	7.90	7.92	20186740	160302480.00
2017/10/17	7.91	7.92	7.85	7.86	17404483	137149664.00
2017/10/18	7.88	7.97	7.85	7.95	28799443	228073984.00
2017/10/19	7.93	8.00	7.87	7.99	32728876	259846640.00
2017/10/20	7.96	7.98	7.92	7.94	11993750	95231112.00
2017/10/23	7.92	7.94	7.86	7.88	16136747	127138728.00
2017/10/24	7.89	8.02	7.88	8.00	40017569	319091264.00
2017/10/25	7.99	8.01	7.95	7.98	15313300	122276344.00
2017/10/26	7.98	8.14	7.95	8.08	57929975	467923744.00
2017/10/27	8.05	8.06	7.93	7.96	26626932	212900736.00
2017/10/30	7.97	7.97	7.76	7.94	42780857	336311168.00
2017/10/31	7.86	7.91	7.79	7.82	21089846	165272800.00
2017/11/01	7.81	7.93	7.80	7.86	38249267	300912960.00
2017/11/02	7.82	7.87	7.78	7.85	33941066	265799424.00
2017/11/03	7.81	7.84	7.57	7.79	50896649	392808640.00
2017/11/06	7.73	7.77	7.59	7.62	32169616	245378880.00
2017/11/07	7.64	7.68	7.61	7.64	18921015	144547168.00
2017/11/08	7.64	7.68	7.60	7.65	20674271	157884272.00
2017/11/09	7.65	7.65	7.59	7.62	21126938	160953680.00
2017/11/10	7.63	7.63	7.47	7.47	31435446	236369456.00
2017/11/13	7.46	7.52	7.35	7.35	30331000	224610848.00
2017/11/14	7.38	7.41	7.28	7.31	31387126	230436272.00
2017/11/15	7.30	7.35	7.27	7.30	24416637	178319840.00
2017/11/16	7.27	7.30	7.19	7.19	21782578	157814768.00
2017/11/17	7.19	7.42	7.03	7.39	69143468	501737152.00
2017/11/20	7.33	7.43	7.29	7.36	22370193	164500176.00
2017/11/21	7.37	7.45	7.31	7.39	23384125	173069936.00
2017/11/22	7.38	7.50	7.34	7.44	35240055	262165872.00
2017/11/23	7.42	7.47	7.16	7.28	33001198	242220144.00
2017/11/24	7.21	7.31	7.21	7.28	16873369	122791936.00
2017/11/27	7.38	7.47	7.32	7.33	19515793	144196608.00
2017/11/28	7.35	7.36	7.25	7.31	11048000	80529560.00
2017/11/29	7.32	7.33	7.18	7.25	18409708	133181440.00
2017/11/30	7.25	7.38	7.21	7.27	18511790	135251872.00
2017/12/01	7.26	7.40	7.24	7.36	21074434	154907328.00
2017/12/04	7.33	7.42	7.30	7.40	16420231	121288296.00
2017/12/05	7.40	7.62	7.40	7.58	65189627	491173088.00
2017/12/06	7.53	7.59	7.48	7.52	22729434	171435680.00
2017/12/07	7.51	7.59	7.49	7.53	17346209	130924776.00
2017/12/08	7.54	7.55	7.47	7.51	18990948	142561296.00
2017/12/11	7.53	7.56	7.48	7.51	13798926	103672616.00
2017/12/12	7.51	7.55	7.47	7.49	12166473	91441776.00
2017/12/13	7.48	7.53	7.46	7.50	7680314	57616572.00
2017/12/14	7.48	7.50	7.38	7.41	12112315	90040896.00
2017/12/15	7.41	7.46	7.33	7.38	11291431	83382088.00
2017/12/18	7.36	7.42	7.22	7.39	13266974	97224992.00
2017/12/19	7.37	7.39	7.34	7.34	7822997	57513752.00
2017/12/20	7.36	7.37	7.27	7.36	14798386	108313312.00
2017/12/21	7.33	7.35	7.26	7.29	7917855	57845952.00
2017/12/22	7.27	7.31	7.25	7.26	6947352	50573220.00
2017/12/25	7.23	7.36	7.23	7.33	14063321	102957376.00
2017/12/26	7.31	7.34	7.27	7.30	9000878	65608324.00
2017/12/27	7.28	7.31	7.21	7.26	13053638	94533344.00
2017/12/28	7.24	7.25	7.20	7.22	7745410	55939848.00
2017/12/29	7.21	7.25	7.20	7.22	5687964	41058472.00
2018/01/02	7.22	7.40	7.22	7.35	16982791	124601864.00
2018/01/03	7.37	7.44	7.34	7.40	17717166	131363784.00
2018/01/04	7.40	7.48	7.39	7.45	15704837	116763456.00
2018/01/05	7.44	7.55	7.43	7.48	20561610	154263312.00
2018/01/08	7.46	7.58	7.45	7.54	20187779	151990016.00
2018/01/09	7.53	7.57	7.46	7.51	14252552	106947328.00
2018/01/10	7.49	7.54	7.42	7.45	15264752	114125760.00
2018/01/11	7.44	7.62	7.44	7.57	22926150	173159536.00
2018/01/12	7.58	7.59	7.50	7.51	8302918	62593104.00
2018/01/15	7.54	7.55	7.35	7.37	22542282	167321392.00
2018/01/16	7.37	7.41	7.35	7.41	10507879	77580792.00
2018/01/17	7.41	7.64	7.41	7.62	35235900	266373536.00
2018/01/18	7.58	7.85	7.55	7.79	65683336	509243648.00
2018/01/19	7.73	7.75	7.63	7.70	36454887	280156448.00
2018/01/22	7.69	7.77	7.62	7.68	22488731	172329952.00
2018/01/23	7.65	7.72	7.61	7.70	25488802	195355968.00
2018/01/24	7.67	7.79	7.64	7.71	28876561	222680848.00
2018/01/25	7.67	7.75	7.61	7.63	31492619	241143056.00
2018/01/26	7.63	7.70	7.61	7.65	26262362	201208064.00
2018/01/29	7.65	7.72	7.56	7.57	27926711	213375536.00
2018/01/30	7.52	7.56	7.46	7.46	17941804	134655456.00
2018/01/31	7.47	7.48	7.29	7.33	19738848	145317024.00
2018/02/01	7.34	7.45	7.12	7.44	38988385	285338720.00
2018/02/02	7.39	7.39	7.27	7.35	13222546	96972432.00
2018/02/05	7.30	7.36	7.28	7.34	20148398	147716000.00
2018/02/06	7.00	7.35	6.96	7.34	48757022	355164128.00
2018/02/07	7.32	7.36	7.18	7.33	25230132	184102816.00
2018/02/08	7.30	7.35	7.05	7.26	18957817	137066496.00
2018/02/09	7.18	7.25	6.62	7.24	38132081	266624576.00
2018/02/12	7.16	7.18	7.06	7.14	10805287	77141504.00
2018/02/13	7.17	7.20	7.11	7.12	7880500	56446480.00
2018/02/14	7.12	7.19	7.08	7.09	6032600	43002824.00
2018/02/22	7.14	7.17	7.12	7.16	6103364	43653152.00
2018/02/23	7.18	7.27	7.16	7.25	9848221	71198312.00
2018/02/26	7.27	7.43	7.24	7.39	17124410	125881560.00
2018/02/27	7.37	7.41	7.31	7.39	11080343	81709144.00
2018/02/28	7.36	7.40	7.33	7.34	7537549	55429480.00
2018/03/01	7.31	7.33	7.16	7.20	17300637	125207864.00
2018/03/02	7.16	7.25	7.15	7.20	6447200	46369068.00
2018/03/05	7.19	7.24	7.17	7.21	7389484	53265476.00
2018/03/06	7.23	7.25	7.19	7.25	6364725	45969596.00
2018/03/07	7.25	7.27	7.15	7.23	8796317	63451408.00
2018/03/08	7.20	7.22	7.17	7.21	6348092	45648448.00
2018/03/09	7.20	7.22	7.17	7.20	9086553	65305224.00
2018/03/12	7.19	7.21	7.16	7.19	15783588	113283656.00
2018/03/13	7.18	7.19	7.10	7.17	15249310	109101104.00
2018/03/14	7.13	7.16	7.10	7.11	6531471	46504540.00
2018/03/15	7.09	7.12	7.07	7.10	7878608	55859592.00
2018/03/16	7.08	7.12	7.05	7.09	8851947	62681992.00
2018/03/19	7.08	7.11	7.04	7.07	10490430	74173888.00
2018/03/20	7.06	7.11	7.01	7.06	9796258	69110704.00
2018/03/21	7.06	7.09	7.02	7.06	9336555	65877296.00
2018/03/22	7.05	7.07	6.96	6.99	12915333	90531880.00
2018/03/23	6.92	6.92	6.69	6.71	18349912	124385400.00
2018/03/26	6.65	6.76	6.52	6.71	11839295	78568536.00
2018/03/27	6.75	6.80	6.71	6.73	8203659	55400088.00
2018/03/28	6.73	6.73	6.63	6.64	6193997	41336680.00
2018/03/29	6.63	6.71	6.62	6.71	7520086	50167928.00
2018/03/30	6.71	6.75	6.69	6.71	5870307	39406036.00
2018/04/02	6.70	6.74	6.67	6.67	7653700	51280616.00
2018/04/03	6.61	6.62	6.56	6.57	6784601	44663360.00
2018/04/04	6.59	6.61	6.51	6.52	6714796	44083972.00
2018/04/09	6.51	6.58	6.43	6.55	12377030	80576264.00
2018/04/10	6.56	6.63	6.53	6.63	7357515	48371536.00
2018/04/11	6.65	6.66	6.60	6.61	6919706	45836172.00
2018/04/12	6.62	6.63	6.52	6.52	7483775	49125496.00
2018/04/13	6.55	6.60	6.52	6.53	7226975	47418636.00
2018/04/16	6.49	6.53	6.47	6.47	6613601	42943900.00
2018/04/17	6.48	6.52	6.44	6.44	8716044	56638684.00
2018/04/18	6.45	6.49	6.36	6.46	8415054	54081672.00
2018/04/19	6.48	6.49	6.42	6.45	5525714	35712960.00
2018/04/20	6.46	6.48	6.20	6.21	12776603	80369024.00
2018/04/23	6.20	6.31	6.19	6.25	10372738	64810264.00
2018/04/24	6.23	6.43	6.23	6.43	12885669	82166096.00
数据来源:通达信
